2020-03-22 1000000 1000000 0.00394 7612319
2020-03-23 1003511 1003511 0.00342 8503251
2020-03-24 1004744 1004744 0.00330 8863534
2020-03-25 1004414 1004414 0.00664 8763462
2020-03-26 1005009 1005009 0.00984 8853162
2020-03-27 1000050 1000050 0.01314 8349411
2020-03-28  997934  997934 0.01640 8188408
2020-03-29  989725  989725 0.01977 7687943
2020-03-30 1003626 1003626 0.01940 8390974
2020-03-31 1003966 1003966 0.02240 8408482
2020-04-01 1010739 1010739 0.01265 8710885
2020-04-02 1013223 1013223 0.01569 8907205
2020-04-03 1012003 1012003 0.01865 8829395
2020-04-04 1015350 1015350 0.01867 9008849
2020-04-05 1012798 1012798 0.02153 8872124
2020-04-06 1029073 1029073 0.00256 9628007
2020-04-07 1028571 1028571 0.00576 9431974
2020-04-08 1029812 1029812 0.00878 9647557
2020-04-09 1028967 1028967 0.01175 9551401
2020-04-10 1022551 1022551 0.01481 9005470
2020-04-11 1022670 1022670 0.01777 9013524
2020-04-12 1023253 1023253 0.02063 9046340
2020-04-13 1022064 1022064 0.02342 8988696
2020-04-14 1022540 1022540 0.02612 9009032
2020-04-15 1013621 1013621 0.02885 8667580
2020-04-16 1032231 1032231 0.01707 9312731
2020-04-17 1030275 1030275 0.01992 9198176
2020-04-18 1036486 1036486 0.01689 9509929
2020-04-19 1033482 1033482 0.01970 9332020
2020-04-20 1026119 1026119 0.02255 8958289
2020-04-21 1026532 1026532 0.02530 8976596
2020-04-22 1035902 1035902 0.02227 9346936
2020-04-23 1046014 1046014 0.01109 9801057
2020-04-24 1046318 1046318 0.01395 9828491
2020-04-25 1047086 1047086 0.01374 9883529
2020-04-26 1049861 1049861 0.01086 10085415
2020-04-27 1051065 1051065 0.00548 10196303
2020-04-28 1050932 1050932 0.00841 10171921
2020-04-29 1062196 1062196 0.00252 11510924
2020-04-30 1061659 1061659 0.00526 11297475
2020-05-01 1063072 1063072 0.00786 11566080
2020-05-02 1064629 1064629 0.00759 11764273
2020-05-03 1063955 1063955 0.01010 11675475
2020-05-04 1063517 1063517 0.01254 11632118
2020-05-05 1066013 1066013 0.01487 11831136
2020-05-06 1068339 1068339 0.00954 11987582
2020-05-07 1078903 1078903 0.00219 13095000
2020-05-08 1078335 1078335 0.00464 12834867
2020-05-09 1076786 1076786 0.00709 12501220
2020-05-10 1069221 1069221 0.00968 11433467
2020-05-11 1067203 1067203 0.01224 11225007
2020-05-12 1071266 1071266 0.01465 11556939
2020-05-13 1080670 1080670 0.00930 12198647
2020-05-14 1086493 1086493 0.00935 12824588
2020-05-15 1080528 1080528 0.01173 12186481
2020-05-16 1081801 1081801 0.01402 12294987
2020-05-17 1086878 1086878 0.01379 12657234
2020-05-18 1087893 1087893 0.01365 12730841
2020-05-19 1089068 1089068 0.01579 12816927
2020-05-20 1083461 1083461 0.01793 12461869
2020-05-21 1072802 1072802 0.02010 11867304
2020-05-22 1075684 1075684 0.02219 12010681
2020-05-23 1076018 1076018 0.02420 12025740
2020-05-24 1061290 1061290 0.02627 11417229
2020-05-25 1067646 1067646 0.02823 11659211
2020-05-26 1065330 1065330 0.03014 11577171
2020-05-27 1079897 1079897 0.02599 12060495
2020-05-28 1092399 1092399 0.01976 12541579
2020-05-29 1088353 1088353 0.02181 12336851
2020-05-30 1096468 1096468 0.02169 12708828
2020-05-31 1089112 1089112 0.02369 12369785
2020-06-01 1112605 1112605 0.00397 13361666
2020-06-02 1109078 1109078 0.00652 12473943
2020-06-03 1110301 1110301 0.00896 12661542
2020-06-04 1111743 1111743 0.01129 12822519
2020-06-05 1109202 1109202 0.01359 12597376
2020-06-06 1110089 1110089 0.01581 12662668
2020-06-07 1111750 1111750 0.01795 12767677
2020-06-08 1112524 1112524 0.02002 12810838
2020-06-09 1112363 1112363 0.02202 12802771
2020-06-10 1115751 1115751 0.02140 12956612
2020-06-11 1098096 1098096 0.02347 12131548
2020-06-12 1104207 1104207 0.02544 12391890
2020-06-13 1104553 1104553 0.02735 12405495
2020-06-14 1099414 1099414 0.02923 12217621
2020-06-15 1103439 1103439 0.03103 12355328
2020-06-16 1107306 1107306 0.03276 12479927
2020-06-17 1104345 1104345 0.03445 12389559
2020-06-18 1100442 1100442 0.03611 12276274
2020-06-19 1097111 1097111 0.03773 12184007
2020-06-20 1099637 1099637 0.03929 12250974
2020-06-21 1095911 1095911 0.04081 12156127
2020-06-22 1117294 1117294 0.03192 12680045
2020-06-23 1114773 1114773 0.03362 12601069
2020-06-24 1099949 1099949 0.03532 12160095
2020-06-25 1097795 1097795 0.03698 12099099
2020-06-26 1093861 1093861 0.03861 11992741
2020-06-27 1086330 1086330 0.04021 11797678
2020-06-28 1092055 1092055 0.04175 11940034
2020-06-29 1095929 1095929 0.04323 12032838
2020-06-30 1092764 1092764 0.04468 11959611
2020-07-01 1098638 1098638 0.04606 12091111
2020-07-02 1090166 1090166 0.04743 11907178
2020-07-03 1088313 1088313 0.04875 11868103
2020-07-04 1093129 1093129 0.05003 11966891
2020-07-05 1089087 1089087 0.05128 11886095
2020-07-06 1107312 1107312 0.04952 12241494
2020-07-07 1101407 1101407 0.05076 12122251
2020-07-08 1113372 1113372 0.04344 12357961
2020-07-09 1101865 1101865 0.04487 12093101
2020-07-10 1104723 1104723 0.04625 12156782
2020-07-11 1101983 1101983 0.04760 12097553
2020-07-12 1106214 1106214 0.04889 12186429
2020-07-13 1101535 1101535 0.05016 12090744
2020-07-14 1102750 1102750 0.05139 12114957
2020-07-15 1098610 1098610 0.05258 12034396
2020-07-16 1094671 1094671 0.05375 11959493
2020-07-17 1096335 1096335 0.05488 11990436
2020-07-18 1097839 1097839 0.05598 12017844
2020-07-19 1100372 1100372 0.05703 12063100
2020-07-20 1096671 1096671 0.05807 11998202
2020-07-21 1114069 1114069 0.05904 12297841
2020-07-22 1125532 1125532 0.04226 12491988
2020-07-23 1129831 1129831 0.03930 12593723
2020-07-24 1126265 1126265 0.04083 12502988
2020-07-25 1134983 1134983 0.04013 12716528
2020-07-26 1147262 1147262 0.02341 13022519
2020-07-27 1181025 1181025 0.00175 14464985
2020-07-28 1180781 1180781 0.00417 14324974
2020-07-29 1181719 1181719 0.00648 14550077
2020-07-30 1181727 1181727 0.00872 14551321
2020-07-31 1184521 1184521 0.00843 14871651
2020-08-01 1189606 1189606 0.00205 15475003
2020-08-02 1187600 1187600 0.00445 14498338
2020-08-03 1188560 1188560 0.00674 14714052
2020-08-04 1188172 1188172 0.00897 14656473
2020-08-05 1194782 1194782 0.00411 15393486
2020-08-06 1194862 1194862 0.00632 15412919
2020-08-07 1193463 1193463 0.00848 15191313
2020-08-08 1195418 1195418 0.01055 15421850
2020-08-09 1194121 1194121 0.01258 15298927
2020-08-10 1197614 1197614 0.01451 15576659
2020-08-11 1188069 1188069 0.01646 14918662
2020-08-12 1191791 1191791 0.01833 15144825
2020-08-13 1197262 1197262 0.01815 15443273
2020-08-14 1196941 1196941 0.01993 15425608
2020-08-15 1198832 1198832 0.02165 15520455
2020-08-16 1200585 1200585 0.02145 15601409
2020-08-17 1211378 1211378 0.00161 16104728
2020-08-18 1210659 1210659 0.00388 15659131
2020-08-19 1209639 1209639 0.00612 15396511
2020-08-20 1210456 1210456 0.00828 15529845
2020-08-21 1206904 1206904 0.01043 15100813
2020-08-22 1208761 1208761 0.01249 15278853
2020-08-23 1208384 1208384 0.01449 15248669
2020-08-24 1210607 1210607 0.01642 15402077
2020-08-25 1201301 1201301 0.01835 14835168
2020-08-26 1204676 1204676 0.02021 15019048
2020-08-27 1200989 1200989 0.02203 14836635
2020-08-28 1206949 1206949 0.02377 15107151
2020-08-29 1204930 1204930 0.02546 15022204
2020-08-30 1212840 1212840 0.02331 15332896
2020-08-31 1211193 1211193 0.02499 15262222
2020-09-01 1219994 1219994 0.01915 15614425
2020-09-02 1206815 1206815 0.02100 14926257
2020-09-03 1172756 1172756 0.02302 13304520
2020-09-04 1181687 1181687 0.02491 13692551
2020-09-05 1172254 1172254 0.02681 13313935
2020-09-06 1175518 1175518 0.02863 13435692
2020-09-07 1179903 1179903 0.03038 13588864
2020-09-08 1169833 1169833 0.03211 13257325
2020-09-09 1174409 1174409 0.03378 13399851
2020-09-10 1179266 1179266 0.03538 13543621
2020-09-11 1181603 1181603 0.03692 13609685
2020-09-12 1184034 1184034 0.03667 13675540
2020-09-13 1178821 1178821 0.03819 13533394
2020-09-14 1195841 1195841 0.02910 13979108
2020-09-15 1199983 1199983 0.02410 14121425
2020-09-16 1205275 1205275 0.02590 14341041
2020-09-17 1204900 1204900 0.02764 14326545
2020-09-18 1204564 1204564 0.02934 14314406
2020-09-19 1210174 1210174 0.02954 14505619
2020-09-20 1204228 1204228 0.03118 14304323
2020-09-21 1183314 1183314 0.03285 13633584
2020-09-22 1188606 1188606 0.03445 13794678
2020-09-23 1175033 1175033 0.03604 13400663
2020-09-24 1199134 1199134 0.03425 14069294
2020-09-25 1196702 1196702 0.03579 13998306
2020-09-26 1198543 1198543 0.03728 14049743
2020-09-27 1201060 1201060 0.03871 14117274
2020-09-28 1196438 1196438 0.04011 13997874
2020-09-29 1204157 1204157 0.04146 14190291
2020-09-30 1200997 1200997 0.04277 14114079
2020-10-01 1192288 1192288 0.04405 13910438
2020-10-02 1189740 1189740 0.04531 13852598
2020-10-03 1188264 1188264 0.04653 13820017
2020-10-04 1195330 1195330 0.04770 13971880
2020-10-05 1203161 1203161 0.04882 14136052
2020-10-06 1191099 1191099 0.04993 13888989
2020-10-07 1195206 1195206 0.05100 13971238
2020-10-08 1212306 1212306 0.04683 14306549
2020-10-09 1220082 1220082 0.04000 14472594
2020-10-10 1233135 1233135 0.02505 14798921
2020-10-11 1235488 1235488 0.02679 14892851
2020-10-12 1241207 1241207 0.02570 15106365
2020-10-13 1237572 1237572 0.02741 14964939
2020-10-14 1237603 1237603 0.02907 14966065
2020-10-15 1240735 1240735 0.03067 15073798
2020-10-16 1233135 1233135 0.03224 14825975
2020-10-17 1234990 1234990 0.03376 14883515
2020-10-18 1241806 1241806 0.03522 15085400
2020-10-19 1253067 1253067 0.02862 15405141
2020-10-20 1258950 1258950 0.02210 15610693
2020-10-21 1284457 1284457 0.00164 16765096
2020-10-22 1284844 1284844 0.00385 17001578
2020-10-23 1284633 1284633 0.00601 16947012
2020-10-24 1286059 1286059 0.00808 17184214
2020-10-25 1285175 1285175 0.01009 17074688
2020-10-26 1285540 1285540 0.01204 17110882
2020-10-27 1294706 1294706 0.00181 17871925
2020-10-28 1293820 1293820 0.00399 17383258
2020-10-29 1294833 1294833 0.00607 17636922
2020-10-30 1295578 1295578 0.00808 17759609
2020-10-31 1298265 1298265 0.00781 18092156
2020-11-01 1297711 1297711 0.00974 18021339
2020-11-02 1295183 1295183 0.01163 17761691
2020-11-03 1302463 1302463 0.00742 18387449
2020-11-04 1303620 1303620 0.00750 18543292
2020-11-05 1317803 1317803 0.00171 20434799
2020-11-06 1317788 1317788 0.00359 20425698
2020-11-07 1314215 1314215 0.00552 19431631
2020-11-08 1318911 1318911 0.00538 20283041
2020-11-09 1317804 1317804 0.00719 20077306
2020-11-10 1317631 1317631 0.00894 20053224
2020-11-11 1322248 1322248 0.01060 20569481
2020-11-12 1330469 1330469 0.00155 21344850
2020-11-13 1330541 1330541 0.00337 21391442
2020-11-14 1329441 1329441 0.00516 21065062
2020-11-15 1328691 1328691 0.00691 20919904
2020-11-16 1335474 1335474 0.00499 21900889
2020-11-17 1341725 1341725 0.00159 23152784
2020-11-18 1341944 1341944 0.00327 23290701
2020-11-19 1342113 1342113 0.00490 23342452
2020-11-20 1347641 1347641 0.00151 24471477
2020-11-21 1347715 1347715 0.00311 24520387
2020-11-22 1346535 1346535 0.00469 24140894
2020-11-23 1346217 1346217 0.00623 24072996
2020-11-24 1352555 1352555 0.00454 25091133
2020-11-25 1350009 1350009 0.00605 24530117
2020-11-26 1337543 1337543 0.00766 22471137
2020-11-27 1337486 1337486 0.00921 22463673
2020-11-28 1344574 1344574 0.00751 23232874
2020-11-29 1349004 1349004 0.00899 23822463
2020-11-30 1366754 1366754 0.00275 25797398
2020-12-01 1363409 1363409 0.00433 24581187
2020-12-02 1365991 1365991 0.00583 25177167
2020-12-03 1367684 1367684 0.00568 25467679
2020-12-04 1361918 1361918 0.00718 24453288
2020-12-05 1366513 1366513 0.00860 25092848
2020-12-06 1368974 1368974 0.00846 25378869
2020-12-07 1366679 1366679 0.00984 25107698
2020-12-08 1355633 1355633 0.01124 23985365
2020-12-09 1359169 1359169 0.01258 24299920
2020-12-10 1354122 1354122 0.01390 23898767
2020-12-11 1350293 1350293 0.01520 23623406
2020-12-12 1365734 1365734 0.01379 24639067
2020-12-13 1371995 1371995 0.01227 25093110
2020-12-14 1373795 1373795 0.01354 25239735
2020-12-15 1376641 1376641 0.01355 25449962
2020-12-16 1410900 1410900 0.00111 27978384
2020-12-17 1412998 1412998 0.00139 29875247
2020-12-18 1413582 1413582 0.00274 30296775
2020-12-19 1416122 1416122 0.00128 31222395
2020-12-20 1415499 1415499 0.00262 30735078
2020-12-21 1412963 1412963 0.00397 29767567
2020-12-22 1418693 1418693 0.00387 31212063
2020-12-23 1415719 1415719 0.00515 30442876
2020-12-24 1418944 1418944 0.00636 31069563
2020-12-25 1427097 1427097 0.00113 32351393
2020-12-26 1429709 1429709 0.00120 34657593
2020-12-27 1429384 1429384 0.00241 34386946
2020-12-28 1431844 1431844 0.00356 35406143
2020-12-29 1433391 1433391 0.00223 35841015
2020-12-30 1437812 1437812 0.00107 37820062
2020-12-31 1437968 1437968 0.00218 37966058
2021-01-01 1439137 1439137 0.00323 38502757
2021-01-02 1451052 1451052 0.00093 42187546
2021-01-03 1452131 1452131 0.00191 43341608
2021-01-04 1449397 1449397 0.00289 41911699
2021-01-05 1457097 1457097 0.00187 44574135
2021-01-06 1463984 1463984 0.00085 48254996
2021-01-07 1466959 1466959 0.00082 51738986
2021-01-08 1468209 1468209 0.00163 53253528
2021-01-09 1467296 1467296 0.00241 52693049
2021-01-10 1460768 1460768 0.00322 49988499
2021-01-11 1449313 1449313 0.00406 46429082
2021-01-12 1441764 1441764 0.00491 44568858
2021-01-13 1463344 1463344 0.00397 48966775
2021-01-14 1472389 1472389 0.00396 51246431
2021-01-15 1460055 1460055 0.00475 48132728
2021-01-16 1455347 1455347 0.00554 47142000
2021-01-17 1454036 1454036 0.00630 46905307
2021-01-18 1460617 1460617 0.00702 47949896
2021-01-19 1454184 1454184 0.00774 47034123
2021-01-20 1449919 1449919 0.00844 46483203
2021-01-21 1398179 1398179 0.00923 40356406
2021-01-22 1424457 1424457 0.00916 43203102
2021-01-23 1413970 1413970 0.00989 42057853
2021-01-24 1416189 1416189 0.01060 42282222
2021-01-25 1415806 1415806 0.01129 42246067
2021-01-26 1419402 1419402 0.01195 42564682
2021-01-27 1386859 1386859 0.01263 39841039
2021-01-28 1437489 1437489 0.00976 43848437
2021-01-29 1447265 1447265 0.00972 44849903
2021-01-30 1448199 1448199 0.01040 44945968
2021-01-31 1432107 1432107 0.01108 43398637
2021-02-01 1437784 1437784 0.01173 43911123
2021-02-02 1468336 1468336 0.00904 46516268
2021-02-03 1494018 1494018 0.00611 49357189
2021-02-04 1488451 1488451 0.00685 48446681
2021-02-05 1500329 1500329 0.00529 50180040
2021-02-06 1506993 1506993 0.00537 51439909
2021-02-07 1504012 1504012 0.00610 50885061
2021-02-08 1564367 1564367 0.00059 60782341
2021-02-09 1564436 1564436 0.00134 60898559
2021-02-10 1561535 1561535 0.00210 58737137
2021-02-11 1570131 1570131 0.00069 62831748
2021-02-12 1569605 1569605 0.00142 62064852
2021-02-13 1569292 1569292 0.00214 61845694
2021-02-14 1573317 1573317 0.00210 63723543
2021-02-15 1571336 1571336 0.00279 62780795
2021-02-16 1575806 1575806 0.00270 64383571
2021-02-17 1586447 1586447 0.00062 68322219
2021-02-18 1585967 1585967 0.00130 67543407
2021-02-19 1593482 1593482 0.00061 73317045
2021-02-20 1593440 1593440 0.00125 73248244
2021-02-21 1595982 1595982 0.00185 75286965
2021-02-22 1587960 1587960 0.00246 70940394
2021-02-23 1570919 1570919 0.00312 64018744
2021-02-24 1574462 1574462 0.00376 65152863
2021-02-25 1561354 1561354 0.00440 61662495
2021-02-26 1556894 1556894 0.00504 60649269
2021-02-27 1555542 1555542 0.00566 60381018
2021-02-28 1549098 1549098 0.00628 59243037
2021-03-01 1585168 1585168 0.00430 64989607
2021-03-02 1578902 1578902 0.00492 63532160
2021-03-03 1590896 1590896 0.00421 65972190
2021-03-04 1579758 1579758 0.00483 63328074
2021-03-05 1582155 1582155 0.00543 63823995
2021-03-06 1583332 1583332 0.00601 64040612
2021-03-07 1599571 1599571 0.00475 66741679
2021-03-08 1608658 1608658 0.00356 68654204
2021-03-09 1620321 1620321 0.00303 71929551
2021-03-10 1623985 1623985 0.00299 73138573
2021-03-11 1631502 1631502 0.00116 75652551
2021-03-12 1630744 1630744 0.00177 74996426
2021-03-13 1639787 1639787 0.00056 80095816
2021-03-14 1638209 1638209 0.00118 77281962
2021-03-15 1632998 1632998 0.00182 72866302
2021-03-16 1636005 1636005 0.00242 74521471
2021-03-17 1642325 1642325 0.00175 77131907
2021-03-18 1639459 1639459 0.00235 75490121
2021-03-19 1640761 1640761 0.00292 76045284
2021-03-20 1641015 1641015 0.00348 76132221
2021-03-21 1637566 1637566 0.00403 75141454
2021-03-22 1620090 1620090 0.00460 70805869
2021-03-23 1621840 1621840 0.00514 71186475
2021-03-24 1607875 1607875 0.00569 68470507
2021-03-25 1600709 1600709 0.00624 67211541
2021-03-26 1631373 1631373 0.00563 72129054
2021-03-27 1636965 1636965 0.00557 73121720
2021-03-28 1636611 1636611 0.00608 73058209
2021-03-29 1651004 1651004 0.00451 75427330
2021-03-30 1657850 1657850 0.00502 76946992
2021-03-31 1657995 1657995 0.00551 76975788
2021-04-01 1657605 1657605 0.00599 76905010
2021-04-02 1659763 1659763 0.00646 77265214
2021-04-03 1643365 1643365 0.00692 74725857
2021-04-04 1653771 1653771 0.00737 76228849
2021-04-05 1662577 1662577 0.00677 77424187
2021-04-06 1652759 1652759 0.00722 75974963
2021-04-07 1633030 1633030 0.00768 73244040
2021-04-08 1654781 1654781 0.00765 76077497
2021-04-09 1654911 1654911 0.00807 76094468
2021-04-10 1672424 1672424 0.00695 78264794
2021-04-11 1674355 1674355 0.00495 78542840
2021-04-12 1673398 1673398 0.00544 78349558
2021-04-13 1700012 1700012 0.00045 83237686
2021-04-14 1699671 1699671 0.00105 82480284
2021-04-15 1700021 1700021 0.00164 82811719
2021-04-16 1696152 1696152 0.00222 80450756
2021-04-17 1692068 1692068 0.00280 78612283
2021-04-18 1678308 1678308 0.00340 73699445
2021-04-19 1675699 1675699 0.00399 72932013
2021-04-20 1679921 1679921 0.00455 73990927
2021-04-21 1663857 1663857 0.00512 70459271
2021-04-22 1649626 1649626 0.00570 67680132
2021-04-23 1645840 1645840 0.00626 67015823
2021-04-24 1637164 1637164 0.00682 65630751
2021-04-25 1628312 1628312 0.00738 64333679
2021-04-26 1676095 1676095 0.00561 70809130
2021-04-27 1683573 1683573 0.00614 72142175
2021-04-28 1682049 1682049 0.00666 71894129
2021-04-29 1670644 1670644 0.00717 70181303
2021-04-30 1709921 1709921 0.00442 75656716
2021-05-01 1710365 1710365 0.00497 75757076
2021-05-02 1702366 1702366 0.00551 74147373
2021-05-03 1706692 1706692 0.00603 74932693
2021-05-04 1675239 1675239 0.00657 69713641
2021-05-05 1711984 1711984 0.00651 75309253
2021-05-06 1702924 1702924 0.00701 73917857
2021-05-07 1711497 1711497 0.00748 75141375
2021-05-08 1727200 1727200 0.00521 77240530
2021-05-09 1722562 1722562 0.00573 76350711
2021-05-10 1704359 1704359 0.00626 73175802
2021-05-11 1711597 1711597 0.00676 74332065
2021-05-12 1646266 1646266 0.00732 64671700
2021-05-13 1649223 1649223 0.00786 65075550
2021-05-14 1651133 1651133 0.00839 65318423
2021-05-15 1616302 1616302 0.00893 61165291
2021-05-16 1613214 1613214 0.00946 60819400
2021-05-17 1577908 1577908 0.01000 57085544
2021-05-18 1568536 1568536 0.01054 56148413
2021-05-19 1484385 1484385 0.01115 48163973
2021-05-20 1540740 1540740 0.01107 53219258
2021-05-21 1492805 1492805 0.01166 48890392
2021-05-22 1495329 1495329 0.01222 49106957
2021-05-23 1450620 1450620 0.01281 45448541
2021-05-24 1519961 1519961 0.01159 50860796
2021-05-25 1513253 1513253 0.01214 50281814
2021-05-26 1527750 1527750 0.01267 51475868
2021-05-27 1514379 1514379 0.01319 50420293
2021-05-28 1465834 1465834 0.01373 46739276
2021-05-29 1446764 1446764 0.01428 45350708
2021-05-30 1466315 1466315 0.01425 46719974
2021-05-31 1497352 1497352 0.01368 48898576
2021-06-01 1485743 1485743 0.01420 48049876
2021-06-02 1502401 1502401 0.01469 49223266
2021-06-03 1533758 1533758 0.01364 51358432
2021-06-04 1492085 1492085 0.01416 48303945
2021-06-05 1466955 1466955 0.01468 46529337
2021-06-06 1472275 1472275 0.01518 46891689
2021-06-07 1428012 1428012 0.01570 43976440
2021-06-08 1424497 1424497 0.01621 43752608
2021-06-09 1509145 1509145 0.01460 48975300
2021-06-10 1495907 1495907 0.01509 48068523
2021-06-11 1508430 1508430 0.01557 48898183
2021-06-12 1471770 1471770 0.01605 46543244
2021-06-13 1544717 1544717 0.01407 51088518
2021-06-14 1572702 1572702 0.01154 53077688
2021-06-15 1567242 1567242 0.01209 52604539
2021-06-16 1538473 1538473 0.01264 50224549
2021-06-17 1534229 1534229 0.01319 49888911
2021-06-18 1495242 1495242 0.01375 46932480
2021-06-19 1489248 1489248 0.01430 46496495
2021-06-20 1490796 1490796 0.01483 46604803
2021-06-21 1413996 1413996 0.01541 41424932
2021-06-22 1432376 1432376 0.01595 42618017
2021-06-23 1455501 1455501 0.01534 44067660
2021-06-24 1475528 1475528 0.01585 45373284
2021-06-25 1412173 1412173 0.01640 41377253
2021-06-26 1426599 1426599 0.01692 42256753
2021-06-27 1480454 1480454 0.01581 45438995
2021-06-28 1476056 1476056 0.01632 45160870
2021-06-29 1506417 1506417 0.01530 47021434
2021-06-30 1488974 1488974 0.01581 45881252
2021-07-01 1458472 1458472 0.01633 43952332
2021-07-02 1463763 1463763 0.01684 44276237
2021-07-03 1483092 1483092 0.01679 45424328
2021-07-04 1496303 1496303 0.01676 46211220
2021-07-05 1461527 1461527 0.01725 44135662
2021-07-06 1473719 1473719 0.01771 44842635
2021-07-07 1465331 1465331 0.01817 44369094
2021-07-08 1441921 1441921 0.01863 43080965
2021-07-09 1464555 1464555 0.01907 44295710
2021-07-10 1456844 1456844 0.01949 43891297
2021-07-11 1475754 1475754 0.01943 44861545
2021-07-12 1446400 1446400 0.01985 43350997
2021-07-13 1436600 1436600 0.02026 42857316
2021-07-14 1439135 1439135 0.02066 42982438
2021-07-15 1412763 1412763 0.02105 41705807
2021-07-16 1400068 1400068 0.02144 41102808
2021-07-17 1404041 1404041 0.02182 41288115
2021-07-18 1411099 1411099 0.02218 41611523
2021-07-19 1383578 1383578 0.02255 40370955
2021-07-20 1352793 1352793 0.02291 39005526
2021-07-21 1423352 1423352 0.02251 42085300
2021-07-22 1428140 1428140 0.02285 42298002
2021-07-23 1469528 1469528 0.02097 44109420
2021-07-24 1486489 1486489 0.02011 44918180
2021-07-25 1516155 1516155 0.01713 46393332
2021-07-26 1557950 1557950 0.01363 48832878
2021-07-27 1596935 1596935 0.01316 51693049
2021-07-28 1606603 1606603 0.01313 52427561
2021-07-29 1606623 1606623 0.01366 52429119
2021-07-30 1645917 1645917 0.01102 55306588
2021-07-31 1635167 1635167 0.01159 54331325
2021-08-01 1610098 1610098 0.01217 52169170
2021-08-02 1599363 1599363 0.01274 51287287
2021-08-03 1582868 1582868 0.01331 49992873
2021-08-04 1610130 1610130 0.01327 52040996
2021-08-05 1630178 1630178 0.01322 53551570
2021-08-06 1664133 1664133 0.01152 56120704
2021-08-07 1690618 1690618 0.01052 58420644
2021-08-08 1680220 1680220 0.01109 57432600
2021-08-09 1715561 1715561 0.00997 60620539
2021-08-10 1706640 1706640 0.01053 59725902
2021-08-11 1705677 1705677 0.01107 59634433
2021-08-12 1689794 1689794 0.01161 58200007
2021-08-13 1741736 1741736 0.00941 62673429
2021-08-14 1732604 1732604 0.00997 61703286
2021-08-15 1731410 1731410 0.01052 61583558
2021-08-16 1716291 1716291 0.01106 60146002
2021-08-17 1698391 1698391 0.01160 58527251
2021-08-18 1698797 1698797 0.01212 58562319
2021-08-19 1731222 1731222 0.01154 61237850
2021-08-20 1770396 1770396 0.00886 64631682
2021-08-21 1764922 1764922 0.00942 64014043
2021-08-22 1770074 1770074 0.00996 64560785
2021-08-23 1773460 1773460 0.01048 64900614
2021-08-24 1748336 1748336 0.01101 62504176
2021-08-25 1766794 1766794 0.01150 64180886
2021-08-26 1734322 1734322 0.01201 61358311
2021-08-27 1769609 1769609 0.01197 64297091
2021-08-28 1767020 1767020 0.01244 64080853
2021-08-29 1764958 1764958 0.01289 63915018
2021-08-30 1734478 1734478 0.01335 61551004
2021-08-31 1737147 1737147 0.01380 61750899
2021-09-01 1767810 1767810 0.01331 63973645
2021-09-02 1775152 1775152 0.01321 64525337
2021-09-03 1788130 1788130 0.01363 65507789
2021-09-04 1786669 1786669 0.01404 65400568
2021-09-05 1820985 1820985 0.00715 67844252
2021-09-06 1829398 1829398 0.00773 69021387
2021-09-07 1770288 1770288 0.00836 61372100
2021-09-08 1761804 1761804 0.00899 60357395
2021-09-09 1765344 1765344 0.00959 60751384
2021-09-10 1746066 1746066 0.01019 58740739
2021-09-11 1750327 1750327 0.01077 59158836
2021-09-12 1762437 1762437 0.01133 60282832
2021-09-13 1746703 1746703 0.01188 58893898
2021-09-14 1779815 1779815 0.01065 61681614
2021-09-15 1794429 1794429 0.00940 63053655
2021-09-16 1789623 1789623 0.00998 62542558
2021-09-17 1783670 1783670 0.01055 61946133
2021-09-18 1797777 1797777 0.01045 63283866
2021-09-19 1782981 1782981 0.01100 61867654
2021-09-20 1722355 1722355 0.01159 56355628
2021-09-21 1685345 1685345 0.01219 53161169
2021-09-22 1733118 1733118 0.01213 57080489
2021-09-23 1753991 1753991 0.01153 58801133
2021-09-24 1722964 1722964 0.01211 56110110
2021-09-25 1720962 1720962 0.01266 55944707
2021-09-26 1728965 1728965 0.01320 56576593
2021-09-27 1711420 1711420 0.01373 55247556
2021-09-28 1690901 1690901 0.01427 53753665
2021-09-29 1700128 1700128 0.01478 54400427
2021-09-30 1744468 1744468 0.01367 57401186
2021-10-01 1822112 1822112 0.01146 63081050
2021-10-02 1814820 1814820 0.01198 62444555
2021-10-03 1823453 1823453 0.01249 63164950
2021-10-04 1839911 1839911 0.01024 64482582
2021-10-05 1870209 1870209 0.00825 67440808
2021-10-06 1911754 1911754 0.00731 72475312
2021-10-07 1896846 1896846 0.00790 70434862
2021-10-08 1898599 1898599 0.00846 70656966
2021-10-09 1909902 1909902 0.00901 71992276
2021-10-10 1906812 1906812 0.00953 71649227
2021-10-11 1941401 1941401 0.00725 75276869
2021-10-12 1927257 1927257 0.00782 73326094
2021-10-13 1941382 1941382 0.00836 75131973
2021-10-14 1941349 1941349 0.00889 75128084
2021-10-15 1991221 1991221 0.00327 80740299
2021-10-16 1987847 1987847 0.00392 79709605
2021-10-17 1991283 1991283 0.00455 80585281
2021-10-18 1994235 1994235 0.00457 81234374
2021-10-19 2007438 2007438 0.00222 84124388
2021-10-20 2012515 2012515 0.00121 86414310
2021-10-21 2006535 2006535 0.00191 81476356
2021-10-22 2002735 2002735 0.00261 79490159
2021-10-23 2004910 2004910 0.00328 80323106
2021-10-24 2003068 2003068 0.00394 79761854
2021-10-25 2014366 2014366 0.00320 82631322
2021-10-26 2002756 2002756 0.00386 78999804
2021-10-27 1993338 1993338 0.00453 76561096
2021-10-28 2005946 2005946 0.00448 79346219
2021-10-29 2015981 2015981 0.00443 81583932
2021-10-30 2013840 2013840 0.00504 81100346
2021-10-31 2010060 2010060 0.00564 80350186
2021-11-01 2006837 2006837 0.00622 79778472
2021-11-02 2025884 2025884 0.00429 82838970
2021-11-03 2024033 2024033 0.00490 82407777
2021-11-04 2014577 2014577 0.00550 80478268
2021-11-05 2011511 2011511 0.00609 79921286
2021-11-06 2015586 2015586 0.00666 80589825
2021-11-07 2030919 2030919 0.00661 82891350
2021-11-08 2067768 2067768 0.00114 88468510
2021-11-09 2066857 2066857 0.00181 87665420
2021-11-10 2062063 2062063 0.00248 85014612
2021-11-11 2061738 2061738 0.00314 84883531
2021-11-12 2059015 2059015 0.00378 84015437
2021-11-13 2060297 2060297 0.00440 84354742
2021-11-14 2066586 2066586 0.00499 85785174
2021-11-15 2054152 2054152 0.00558 83292174
2021-11-16 2028853 2028853 0.00618 78756354
2021-11-17 2030727 2030727 0.00677 79059294
2021-11-18 2000096 2000096 0.00737 74533675
2021-11-19 2011783 2011783 0.00794 76119336
2021-11-20 2028839 2028839 0.00788 78266903
2021-11-21 2017591 2017591 0.00843 76839456
2021-11-22 1991268 1991268 0.00899 73717137
2021-11-23 2006403 2006403 0.00952 75400996
2021-11-24 2001481 2001481 0.01003 74883836
2021-11-25 2025197 2025197 0.00944 77247588
2021-11-26 1960873 1960873 0.01000 70437153
2021-11-27 1973772 1973772 0.01052 71727417
2021-11-28 2009099 2009099 0.00993 75084831
2021-11-29 2015688 2015688 0.01043 75748184
2021-11-30 2003789 2003789 0.01093 74607610
2021-12-01 2007759 2007759 0.01140 74970957
2021-12-02 1997254 1997254 0.01187 74049553
2021-12-03 1953673 1953673 0.01234 70377362
2021-12-04 1880788 1880788 0.01285 64473193
2021-12-05 1884629 1884629 0.01334 64772086
2021-12-06 1903696 1903696 0.01380 66201772
2021-12-07 1905003 1905003 0.01425 66296475
2021-12-08 1903435 1903435 0.01468 66186451
2021-12-09 1846712 1846712 0.01513 62323190
2021-12-10 1837782 1837782 0.01557 61732998
2021-12-11 1883823 1883823 0.01509 64690007
2021-12-12 1898126 1898126 0.01550 65637875
2021-12-13 1829110 1829110 0.01594 61186413
2021-12-14 1863854 1863854 0.01591 63366652
2021-12-15 1873997 1873997 0.01631 64004221
2021-12-16 1848081 1848081 0.01671 62415248
2021-12-17 1816300 1816300 0.01711 60513199
2021-12-18 1831332 1831332 0.01749 61391808
2021-12-19 1827273 1827273 0.01786 61159765
2021-12-20 1832193 1832193 0.01822 61435192
2021-12-21 1880265 1880265 0.01704 64073651
2021-12-22 1873328 1873328 0.01741 63666567
2021-12-23 1924202 1924202 0.01534 66588075
2021-12-24 1924031 1924031 0.01575 66576918
2021-12-25 1915796 1915796 0.01615 66054087
2021-12-26 1923176 1923176 0.01653 66511089
2021-12-27 1921594 1921594 0.01690 66415365
2021-12-28 1851320 1851320 0.01729 62257951
2021-12-29 1827324 1827324 0.01767 60869959
2021-12-30 1842766 1842766 0.01804 61743854
2021-12-31 1820652 1820652 0.01840 60517717
2022-01-01 1858307 1858307 0.01837 62564531
2022-01-02 1848028 1848028 0.01872 62005113
2022-01-03 1825715 1825715 0.01906 60813035
2022-01-04 1810246 1810246 0.01939 60001290
2022-01-05 1749709 1749709 0.01973 56879180
2022-01-06 1740970 1740970 0.02006 56436307
2022-01-07 1699931 1699931 0.02040 54390946
2022-01-08 1704074 1704074 0.02072 54594063
2022-01-09 1709096 1709096 0.02104 54836373
2022-01-10 1708259 1708259 0.02134 54796577
2022-01-11 1733148 1733148 0.02163 55962792
2022-01-12 1767069 1767069 0.02063 57530918
2022-01-13 1730293 1730293 0.02094 55747955
2022-01-14 1744836 1744836 0.02124 56442527
2022-01-15 1744827 1744827 0.02153 56442082
2022-01-16 1744987 1744987 0.02181 56449533
2022-01-17 1720637 1720637 0.02209 55333014
2022-01-18 1724175 1724175 0.02236 55493205
2022-01-19 1703851 1703851 0.02262 54584163
2022-01-20 1675791 1675791 0.02289 53343857
2022-01-21 1548699 1548699 0.02317 47790804
2022-01-22 1506085 1506085 0.02346 45951808
2022-01-23 1543028 1543028 0.02344 47526495
2022-01-24 1556270 1556270 0.02371 48091374
2022-01-25 1564061 1564061 0.02397 48419954
2022-01-26 1559460 1559460 0.02422 48227994
2022-01-27 1571481 1571481 0.02446 48724347
2022-01-28 1588777 1588777 0.02413 49431477
2022-01-29 1602819 1602819 0.02360 50013275
2022-01-30 1595069 1595069 0.02385 49684813
2022-01-31 1612250 1612250 0.02385 50405169
2022-02-01 1619782 1619782 0.02410 50720915
2022-02-02 1562683 1562683 0.02434 48351323
2022-02-03 1575326 1575326 0.02458 48870684
2022-02-04 1712427 1712427 0.02309 54448446
2022-02-05 1707835 1707835 0.02334 54249599
2022-02-06 1738176 1738176 0.02332 55549304
2022-02-07 1782418 1782418 0.02173 57446507
2022-02-08 1788749 1788749 0.02172 57737897
2022-02-09 1798284 1798284 0.02079 58176946
2022-02-10 1773723 1773723 0.02110 56995463
2022-02-11 1742823 1742823 0.02141 55530905
2022-02-12 1738196 1738196 0.02171 55314733
2022-02-13 1733552 1733552 0.02200 55100800
2022-02-14 1746878 1746878 0.02228 55706522
2022-02-15 1806461 1806461 0.02136 58380757
2022-02-16 1787415 1787415 0.02165 57488988
2022-02-17 1692571 1692571 0.02196 53108226
2022-02-18 1676495 1676495 0.02226 52376058
2022-02-19 1679760 1679760 0.02255 52522761
2022-02-20 1628524 1628524 0.02285 50250622
2022-02-21 1589713 1589713 0.02314 48551807
2022-02-22 1625878 1625878 0.02312 50114486
2022-02-23 1595724 1595724 0.02341 48810538
2022-02-24 1629530 1629530 0.02368 50254524
2022-02-25 1656038 1656038 0.02365 51373832
2022-02-26 1653406 1653406 0.02391 51262551
2022-02-27 1608508 1608508 0.02417 49384754
2022-02-28 1781517 1781517 0.02187 56542874
2022-03-01 1817745 1817745 0.02215 58199365
2022-03-02 1803032 1803032 0.02243 57535134
2022-03-03 1760141 1760141 0.02270 55622662
2022-03-04 1662012 1662012 0.02299 51300395
2022-03-05 1669275 1669275 0.02327 51616286
2022-03-06 1639471 1639471 0.02355 50335726
2022-03-07 1626442 1626442 0.02383 49782567
2022-03-08 1649443 1649443 0.02409 50747904
2022-03-09 1750579 1750579 0.02294 54946646
2022-03-10 1675023 1675023 0.02322 51652507
2022-03-11 1653292 1653292 0.02350 50716660
2022-03-12 1656130 1656130 0.02377 50837435
2022-03-13 1624017 1624017 0.02405 49486712
2022-03-14 1683063 1683063 0.02403 51942247
2022-03-15 1671642 1671642 0.02428 51466885
2022-03-16 1730144 1730144 0.02317 53876444
2022-03-17 1724696 1724696 0.02344 53641336
2022-03-18 1750209 1750209 0.02370 54729727
2022-03-19 1763892 1763892 0.02367 55307138
2022-03-20 1733103 1733103 0.02393 54006582
2022-03-21 1726868 1726868 0.02417 53745991
2022-03-22 1769609 1769609 0.02392 55514170
2022-03-23 1786275 1786275 0.02391 56210824
2022-03-24 1820727 1820727 0.02289 57652033
2022-03-25 1829559 1829559 0.02292 58037825
2022-03-26 1836012 1836012 0.02295 58319433
2022-03-27 1906006 1906006 0.01963 61368918
2022-03-28 1913410 1913410 0.01997 61746041
2022-03-29 1921431 1921431 0.01997 62147599
2022-03-30 1911208 1911208 0.02030 61635650
2022-03-31 1869983 1869983 0.02063 59604865
2022-04-01 1891342 1891342 0.02095 60640077
2022-04-02 1877968 1877968 0.02126 60001656
2022-04-03 1894150 1894150 0.02156 60762855
2022-04-04 1899701 1899701 0.02184 61020342
2022-04-05 1868365 1868365 0.02213 59585824
2022-04-06 1801392 1801392 0.02242 56559387
2022-04-07 1809112 1809112 0.02270 56903707
2022-04-08 1774496 1774496 0.02298 55378899
2022-04-09 1788875 1788875 0.02325 56004551
2022-04-10 1769570 1769570 0.02352 55174276
2022-04-11 1689229 1689229 0.02379 51757804
2022-04-12 1707067 1707067 0.02405 52507623
2022-04-13 1740145 1740145 0.02402 53882965
2022-04-14 1702827 1702827 0.02428 52329623
2022-04-15 1721956 1721956 0.02452 53117484
2022-04-16 1716577 1716577 0.02476 52898129
2022-04-17 1693736 1693736 0.02500 51975718
2022-04-18 1730506 1730506 0.02522 53446718
2022-04-19 1753331 1753331 0.02468 54351805
2022-04-20 1749133 1749133 0.02491 54181675
2022-04-21 1719614 1719614 0.02513 52996460
2022-04-22 1695104 1695104 0.02536 52021236
2022-04-23 1684996 1684996 0.02557 51622572
2022-04-24 1686530 1686530 0.02579 51682560
2022-04-25 1719409 1719409 0.02599 52957633
2022-04-26 1641025 1641025 0.02619 49941278
2022-04-27 1679385 1679385 0.02639 51405797
2022-04-28 1696597 1696597 0.02637 52058124
2022-04-29 1656519 1656519 0.02656 50538083
2022-04-30 1623353 1623353 0.02675 49289318
2022-05-01 1653077 1653077 0.02693 50400481
2022-05-02 1654229 1654229 0.02711 50443262
2022-05-03 1626148 1626148 0.02728 49407369
2022-05-04 1696002 1696002 0.02672 51967808
2022-05-05 1585739 1585739 0.02691 47841181
2022-05-06 1567600 1567600 0.02710 47167168
2022-05-07 1547876 1547876 0.02729 46439400
2022-05-08 1496491 1496491 0.02748 44556392
2022-05-09 1354594 1354594 0.02769 39392379
2022-05-10 1387874 1387874 0.02767 40594460
2022-05-11 1315399 1315399 0.02788 37975500
2022-05-12 1311609 1311609 0.02809 37839560
2022-05-13 1324210 1324210 0.02828 38288221
2022-05-14 1353657 1353657 0.02805 39329470
2022-05-15 1399981 1399981 0.02786 40980841
2022-05-16 1346629 1346629 0.02805 39065593
2022-05-17 1368412 1368412 0.02824 39842008
2022-05-18 1303906 1303906 0.02844 37558109
2022-05-19 1363827 1363827 0.02842 39665187
2022-05-20 1322379 1322379 0.02861 38206888
2022-05-21 1331533 1331533 0.02879 38526864
2022-05-22 1363333 1363333 0.02877 39631572
2022-05-23 1318770 1318770 0.02894 38082564
2022-05-24 1339631 1339631 0.02911 38803300
2022-05-25 1334980 1334980 0.02928 38643541
2022-05-26 1322441 1322441 0.02944 38215217
2022-05-27 1299562 1299562 0.02959 37437924
2022-05-28 1315890 1315890 0.02974 37989668
2022-05-29 1332955 1332955 0.02973 38563386
2022-05-30 1421810 1421810 0.02799 41552032
2022-05-31 1422966 1422966 0.02818 41593334
2022-06-01 1350078 1350078 0.02837 39006600
2022-06-02 1374218 1374218 0.02855 39857487
2022-06-03 1345510 1345510 0.02874 38852066
2022-06-04 1352438 1352438 0.02891 39093171
2022-06-05 1353781 1353781 0.02908 39139619
2022-06-06 1409467 1409467 0.02834 41054409
2022-06-07 1400733 1400733 0.02852 40746166
2022-06-08 1365996 1365996 0.02870 39528017
2022-06-09 1362368 1362368 0.02887 39401584
2022-06-10 1323674 1323674 0.02905 38061481
2022-06-11 1298006 1298006 0.02923 37177935
2022-06-12 1228892 1228892 0.02941 34813188
2022-06-13 1069661 1069661 0.02962 29398838
2022-06-14 1055964 1055964 0.02982 28936414
2022-06-15 1073851 1073851 0.03002 29536126
2022-06-16  988450  988450 0.03023 26691381
2022-06-17  990739  990739 0.03043 26767096
2022-06-18  931600  931600 0.03065 24823929
2022-06-19  995652  995652 0.03062 26913917
2022-06-20  995757  995757 0.03082 26917348
2022-06-21 1002086 1002086 0.03100 27122743
2022-06-22  971697  971697 0.03118 26142438
2022-06-23 1017832 1017832 0.03076 27621833
2022-06-24 1022745 1022745 0.03056 27781592
2022-06-25 1033604 1033604 0.03056 28136964
2022-06-26 1015273 1015273 0.03075 27537069
2022-06-27 1002028 1002028 0.03093 27106283
2022-06-28  984270  984270 0.03112 26532224
2022-06-29  977417  977417 0.03130 26312019
2022-06-30  970520  970520 0.03148 26091643
2022-07-01  942268  942268 0.03165 25194085
2022-07-02  941803  941803 0.03183 25179393
2022-07-03  944562  944562 0.03199 25266095
2022-07-04  982899  982899 0.03163 26464379
2022-07-05  981205  981205 0.03180 26410820
2022-07-06  996978  996978 0.03178 26906885
2022-07-07 1042590 1042590 0.03090 28342241
2022-07-08 1040186 1040186 0.03107 28264431
2022-07-09 1040357 1040357 0.03125 28269944
2022-07-10 1010395 1010395 0.03142 27311036
2022-07-11  973104  973104 0.03159 26124145
2022-07-12  947099  947099 0.03177 25301032
2022-07-13  985007  985007 0.03176 26494262
2022-07-14  999348  999348 0.03174 26945882
2022-07-15 1010078 1010078 0.03190 27283943
2022-07-16 1025121 1025121 0.03173 27755494
2022-07-17 1008766 1008766 0.03189 27240022
2022-07-18 1076962 1076962 0.03016 29378684
2022-07-19 1115275 1115275 0.02960 30648873
2022-07-20 1107660 1107660 0.02980 30391570
2022-07-21 1105896 1105896 0.03000 30332393
2022-07-22 1086997 1086997 0.03020 29702419
2022-07-23 1078551 1078551 0.03039 29422749
2022-07-24 1083610 1083610 0.03058 29589213
2022-07-25 1031983 1031983 0.03077 27900940
2022-07-26 1030098 1030098 0.03096 27839681
2022-07-27 1099393 1099393 0.03075 30077957
2022-07-28 1134988 1134988 0.03017 31235647
2022-07-29 1132310 1132310 0.03035 31146863
2022-07-30 1126716 1126716 0.03054 30962577
2022-07-31 1113838 1113838 0.03071 30540853
2022-08-01 1112245 1112245 0.03089 30488983
2022-08-02 1100864 1100864 0.03106 30120490
2022-08-03 1094128 1094128 0.03122 29903584
2022-08-04 1085107 1085107 0.03138 29614656
2022-08-05 1114334 1114334 0.03138 30545920
2022-08-06 1099141 1099141 0.03153 30061680
2022-08-07 1108679 1108679 0.03168 30364188
2022-08-08 1134984 1134984 0.03133 31194489
2022-08-09 1108033 1108033 0.03149 30334279
2022-08-10 1140986 1140986 0.03092 31380858
2022-08-11 1140783 1140783 0.03108 31374310
2022-08-12 1159019 1159019 0.03037 31960966
2022-08-13 1160968 1160968 0.03054 32025132
2022-08-14 1155528 1155528 0.03072 31847040
2022-08-15 1147081 1147081 0.03089 31572045
2022-08-16 1137253 1137253 0.03105 31253836
2022-08-17 1115825 1115825 0.03121 30563730
2022-08-18 1110143 1110143 0.03137 30381709
2022-08-19 1013185 1013185 0.03155 27291289
2022-08-20 1025784 1025784 0.03171 27690687
2022-08-21 1041066 1041066 0.03170 28172583
2022-08-22 1036791 1036791 0.03185 28037704
2022-08-23 1041338 1041338 0.03201 28180440
2022-08-24 1035134 1035134 0.03216 27986634
2022-08-25 1043514 1043514 0.03230 28247224
2022-08-26  987639  987639 0.03245 26517375
2022-08-27  978929  978929 0.03259 26248927
2022-08-28  958100  958100 0.03274 25609891
2022-08-29  990039  990039 0.03273 26585469
2022-08-30  969338  969338 0.03287 25952980
2022-08-31  979668  979668 0.03300 26267260
2022-09-01  982649  982649 0.03313 26357616
2022-09-02  975318  975318 0.03325 26136310
2022-09-03  970136  970136 0.03338 25980480
2022-09-04  977435  977435 0.03350 26199166
2022-09-05  968092  968092 0.03361 25920243
2022-09-06  923859  923859 0.03373 24604195
2022-09-07  945369  945369 0.03384 25241922
2022-09-08  947407  947407 0.03395 25302159
2022-09-09 1038497 1038497 0.03240 27985324
2022-09-10 1051266 1051266 0.03253 28379484
2022-09-11 1058211 1058211 0.03250 28592932
2022-09-12 1082302 1082302 0.03164 29334109
2022-09-13  990156  990156 0.03181 26421781
2022-09-14  992489  992489 0.03198 26495113
2022-09-15  969788  969788 0.03215 25785364
2022-09-16  974462  974462 0.03232 25930719
2022-09-17  987665  987665 0.03247 26339283
2022-09-18  958113  958113 0.03263 25429180
2022-09-19  963197  963197 0.03278 25585011
2022-09-20  934868  934868 0.03293 24720741
2022-09-21  917102  917102 0.03308 24181227
2022-09-22  957690  957690 0.03307 25408228
2022-09-23  952970  952970 0.03321 25265493
2022-09-24  936751  936751 0.03335 24777049
2022-09-25  931904  931904 0.03348 24631695
2022-09-26  950142  950142 0.03361 25176447
2022-09-27  943497  943497 0.03373 24978712
2022-09-28  958427  958427 0.03372 25421323
2022-09-29  966330  966330 0.03355 25655724
2022-09-30  958994  958994 0.03367 25437037
2022-10-01  954012  954012 0.03379 25289064
2022-10-02  942462  942462 0.03391 24947284
2022-10-03  968441  968441 0.03390 25713342
2022-10-04  999831  999831 0.03241 26639158
2022-10-05  992148  992148 0.03257 26402139
2022-10-06  983150  983150 0.03272 26125834
2022-10-07  965198  965198 0.03287 25577154
2022-10-08  960378  960378 0.03302 25430490
2022-10-09  961459  961459 0.03316 25463227
2022-10-10  947824  947824 0.03330 25052044
2022-10-11  944685  944685 0.03343 24957760
2022-10-12  948976  948976 0.03357 25086091
2022-10-13  958646  958646 0.03369 25374181
2022-10-14  949998  949998 0.03382 25117519
2022-10-15  944906  944906 0.03394 24966927
2022-10-16  953705  953705 0.03405 25226208
2022-10-17  966325  966325 0.03416 25596796
2022-10-18  956796  956796 0.03427 25317873
2022-10-19  947460  947460 0.03438 25045497
2022-10-20  943724  943724 0.03448 24936808
2022-10-21  949233  949233 0.03458 25096567
2022-10-22  951090  951090 0.03468 25150257
2022-10-23  967802  967802 0.03477 25632153
2022-10-24  956783  956783 0.03486 25315254
2022-10-25  991252  991252 0.03316 26303926
2022-10-26 1021124 1021124 0.03222 27204862
2022-10-27 1000911 1000911 0.03239 26577612
2022-10-28 1013762 1013762 0.03254 26974390
2022-10-29 1023223 1023223 0.03252 27265099
2022-10-30 1015004 1015004 0.03267 27012366
2022-10-31 1009443 1009443 0.03282 26842131
2022-11-01 1008669 1008669 0.03296 26818560
2022-11-02  994598  994598 0.03310 26391663
2022-11-03  996982  996982 0.03324 26463685
2022-11-04 1038073 1038073 0.03236 27699853
2022-11-05 1044344 1044344 0.03220 27893659
2022-11-06 1027730 1027730 0.03236 27377716
2022-11-07 1014297 1014297 0.03252 26962605
2022-11-08  927428  927428 0.03269 24291225
2022-11-09  813010  813010 0.03288 20790931
2022-11-10  885088  885088 0.03286 22983034
2022-11-11  861681  861681 0.03303 22270666
2022-11-12  852208  852208 0.03320 21983886
2022-11-13  831425  831425 0.03338 21357945
2022-11-14  843619  843619 0.03354 21723295
2022-11-15  856136  856136 0.03352 22096503
2022-11-16  846478  846478 0.03368 21808413
2022-11-17  847889  847889 0.03384 21850317
2022-11-18  847756  847756 0.03399 21846388
2022-11-19  848068  848068 0.03413 21855555
2022-11-20  828671  828671 0.03427 21287232
2022-11-21  806679  806679 0.03442 20645577
2022-11-22  826104  826104 0.03455 21209971
2022-11-23  844475  844475 0.03454 21741628
2022-11-24  843932  843932 0.03467 21725914
2022-11-25  840164  840164 0.03479 21617226
2022-11-26  837704  837704 0.03492 21546513
2022-11-27  836332  836332 0.03504 21507228
2022-11-28  826514  826514 0.03515 21226995
2022-11-29  836825  836825 0.03526 21520323
2022-11-30  870813  870813 0.03391 22484115
2022-12-01  862242  862242 0.03406 22231381
2022-12-02  867505  867505 0.03420 22385902
2022-12-03  858145  858145 0.03434 22112217
2022-12-04  868397  868397 0.03447 22410783
2022-12-05  861807  861807 0.03460 22219596
2022-12-06  867199  867199 0.03472 22375426
2022-12-07  855785  855785 0.03485 22046742
2022-12-08  873719  873719 0.03452 22561375
2022-12-09  869154  869154 0.03464 22429116
2022-12-10  869154  869154 0.03477 22429116
2022-12-11  867469  867469 0.03489 22380664
2022-12-12  872860  872860 0.03500 22535185
2022-12-13  898664  898664 0.03297 23272434
2022-12-14  900002  900002 0.03313 23313028
2022-12-15  880867  880867 0.03330 22735539
2022-12-16  862987  862987 0.03347 22198644
2020-03-22 1000000 1000000 0.00394 7612319
2020-03-23 1003511 1003511 0.00342 8503251
2020-03-24 1004744 1004744 0.00330 8863534
2020-03-25 1004414 1004414 0.00664 8763462
2020-03-26 1005009 1005009 0.00984 8853162
2020-03-27 1000050 1000050 0.01314 8349411
2020-03-28  997934  997934 0.01640 8188408
2020-03-29  989725  989725 0.01977 7687943
2020-03-30 1003626 1003626 0.01940 8390974
2020-03-31 1003966 1003966 0.02240 8408482
2020-04-01 1010739 1010739 0.01265 8710885
2020-04-02 1013223 1013223 0.01569 8907205
2020-04-03 1012003 1012003 0.01865 8829395
2020-04-04 1015350 1015350 0.01867 9008849
2020-04-05 1012798 1012798 0.02153 8872124
2020-04-06 1029073 1029073 0.00256 9628007
2020-04-07 1028571 1028571 0.00576 9431974
2020-04-08 1029812 1029812 0.00878 9647557
2020-04-09 1028967 1028967 0.01175 9551401
2020-04-10 1022551 1022551 0.01481 9005470
2020-04-11 1022670 1022670 0.01777 9013524
2020-04-12 1023253 1023253 0.02063 9046340
2020-04-13 1022064 1022064 0.02342 8988696
2020-04-14 1022540 1022540 0.02612 9009032
2020-04-15 1013621 1013621 0.02885 8667580
2020-04-16 1032231 1032231 0.01707 9312731
2020-04-17 1030275 1030275 0.01992 9198176
2020-04-18 1036486 1036486 0.01689 9509929
2020-04-19 1033482 1033482 0.01970 9332020
2020-04-20 1026119 1026119 0.02255 8958289
2020-04-21 1026532 1026532 0.02530 8976596
2020-04-22 1035902 1035902 0.02227 9346936
2020-04-23 1046014 1046014 0.01109 9801057
2020-04-24 1046318 1046318 0.01395 9828491
2020-04-25 1047086 1047086 0.01374 9883529
2020-04-26 1049861 1049861 0.01086 10085415
2020-04-27 1051065 1051065 0.00548 10196303
2020-04-28 1050932 1050932 0.00841 10171921
2020-04-29 1062196 1062196 0.00252 11510924
2020-04-30 1061659 1061659 0.00526 11297475
2020-05-01 1063072 1063072 0.00786 11566080
2020-05-02 1064629 1064629 0.00759 11764273
2020-05-03 1063955 1063955 0.01010 11675475
2020-05-04 1063517 1063517 0.01254 11632118
2020-05-05 1066013 1066013 0.01487 11831136
2020-05-06 1068339 1068339 0.00954 11987582
2020-05-07 1078903 1078903 0.00219 13095000
2020-05-08 1078335 1078335 0.00464 12834867
2020-05-09 1076786 1076786 0.00709 12501220
2020-05-10 1069221 1069221 0.00968 11433467
2020-05-11 1067203 1067203 0.01224 11225007
2020-05-12 1071266 1071266 0.01465 11556939
2020-05-13 1080670 1080670 0.00930 12198647
2020-05-14 1086493 1086493 0.00935 12824588
2020-05-15 1080528 1080528 0.01173 12186481
2020-05-16 1081801 1081801 0.01402 12294987
2020-05-17 1086878 1086878 0.01379 12657234
2020-05-18 1087893 1087893 0.01365 12730841
2020-05-19 1089068 1089068 0.01579 12816927
2020-05-20 1083461 1083461 0.01793 12461869
2020-05-21 1072802 1072802 0.02010 11867304
2020-05-22 1075684 1075684 0.02219 12010681
2020-05-23 1076018 1076018 0.02420 12025740
2020-05-24 1061290 1061290 0.02627 11417229
2020-05-25 1067646 1067646 0.02823 11659211
2020-05-26 1065330 1065330 0.03014 11577171
2020-05-27 1079897 1079897 0.02599 12060495
2020-05-28 1092399 1092399 0.01976 12541579
2020-05-29 1088353 1088353 0.02181 12336851
2020-05-30 1096468 1096468 0.02169 12708828
2020-05-31 1089112 1089112 0.02369 12369785
2020-06-01 1112605 1112605 0.00397 13361666
2020-06-02 1109078 1109078 0.00652 12473943
2020-06-03 1110301 1110301 0.00896 12661542
2020-06-04 1111743 1111743 0.01129 12822519
2020-06-05 1109202 1109202 0.01359 12597376
2020-06-06 1110089 1110089 0.01581 12662668
2020-06-07 1111750 1111750 0.01795 12767677
2020-06-08 1112524 1112524 0.02002 12810838
2020-06-09 1112363 1112363 0.02202 12802771
2020-06-10 1115751 1115751 0.02140 12956612
2020-06-11 1098096 1098096 0.02347 12131548
2020-06-12 1104207 1104207 0.02544 12391890
2020-06-13 1104553 1104553 0.02735 12405495
2020-06-14 1099414 1099414 0.02923 12217621
2020-06-15 1103439 1103439 0.03103 12355328
2020-06-16 1107306 1107306 0.03276 12479927
2020-06-17 1104345 1104345 0.03445 12389559
2020-06-18 1100442 1100442 0.03611 12276274
2020-06-19 1097111 1097111 0.03773 12184007
2020-06-20 1099637 1099637 0.03929 12250974
2020-06-21 1095911 1095911 0.04081 12156127
2020-06-22 1117294 1117294 0.03192 12680045
2020-06-23 1114773 1114773 0.03362 12601069
2020-06-24 1099949 1099949 0.03532 12160095
2020-06-25 1097795 1097795 0.03698 12099099
2020-06-26 1093861 1093861 0.03861 11992741
2020-06-27 1086330 1086330 0.04021 11797678
2020-06-28 1092055 1092055 0.04175 11940034
2020-06-29 1095929 1095929 0.04323 12032838
2020-06-30 1092764 1092764 0.04468 11959611
2020-07-01 1098638 1098638 0.04606 12091111
2020-07-02 1090166 1090166 0.04743 11907178
2020-07-03 1088313 1088313 0.04875 11868103
2020-07-04 1093129 1093129 0.05003 11966891
2020-07-05 1089087 1089087 0.05128 11886095
2020-07-06 1107312 1107312 0.04952 12241494
2020-07-07 1101407 1101407 0.05076 12122251
2020-07-08 1113372 1113372 0.04344 12357961
2020-07-09 1101865 1101865 0.04487 12093101
2020-07-10 1104723 1104723 0.04625 12156782
2020-07-11 1101983 1101983 0.04760 12097553
2020-07-12 1106214 1106214 0.04889 12186429
2020-07-13 1101535 1101535 0.05016 12090744
2020-07-14 1102750 1102750 0.05139 12114957
2020-07-15 1098610 1098610 0.05258 12034396
2020-07-16 1094671 1094671 0.05375 11959493
2020-07-17 1096335 1096335 0.05488 11990436
2020-07-18 1097839 1097839 0.05598 12017844
2020-07-19 1100372 1100372 0.05703 12063100
2020-07-20 1096671 1096671 0.05807 11998202
2020-07-21 1114069 1114069 0.05904 12297841
2020-07-22 1125532 1125532 0.04226 12491988
2020-07-23 1129831 1129831 0.03930 12593723
2020-07-24 1126265 1126265 0.04083 12502988
2020-07-25 1134983 1134983 0.04013 12716528
2020-07-26 1147262 1147262 0.02341 13022519
2020-07-27 1181025 1181025 0.00175 14464985
2020-07-28 1180781 1180781 0.00417 14324974
2020-07-29 1181719 1181719 0.00648 14550077
2020-07-30 1181727 1181727 0.00872 14551321
2020-07-31 1184521 1184521 0.00843 14871651
2020-08-01 1189606 1189606 0.00205 15475003
2020-08-02 1187600 1187600 0.00445 14498338
2020-08-03 1188560 1188560 0.00674 14714052
2020-08-04 1188172 1188172 0.00897 14656473
2020-08-05 1194782 1194782 0.00411 15393486
2020-08-06 1194862 1194862 0.00632 15412919
2020-08-07 1193463 1193463 0.00848 15191313
2020-08-08 1195418 1195418 0.01055 15421850
2020-08-09 1194121 1194121 0.01258 15298927
2020-08-10 1197614 1197614 0.01451 15576659
2020-08-11 1188069 1188069 0.01646 14918662
2020-08-12 1191791 1191791 0.01833 15144825
2020-08-13 1197262 1197262 0.01815 15443273
2020-08-14 1196941 1196941 0.01993 15425608
2020-08-15 1198832 1198832 0.02165 15520455
2020-08-16 1200585 1200585 0.02145 15601409
2020-08-17 1211378 1211378 0.00161 16104728
2020-08-18 1210659 1210659 0.00388 15659131
2020-08-19 1209639 1209639 0.00612 15396511
2020-08-20 1210456 1210456 0.00828 15529845
2020-08-21 1206904 1206904 0.01043 15100813
2020-08-22 1208761 1208761 0.01249 15278853
2020-08-23 1208384 1208384 0.01449 15248669
2020-08-24 1210607 1210607 0.01642 15402077
2020-08-25 1201301 1201301 0.01835 14835168
2020-08-26 1204676 1204676 0.02021 15019048
2020-08-27 1200989 1200989 0.02203 14836635
2020-08-28 1206949 1206949 0.02377 15107151
2020-08-29 1204930 1204930 0.02546 15022204
2020-08-30 1212840 1212840 0.02331 15332896
2020-08-31 1211193 1211193 0.02499 15262222
2020-09-01 1219994 1219994 0.01915 15614425
2020-09-02 1206815 1206815 0.02100 14926257
2020-09-03 1172756 1172756 0.02302 13304520
2020-09-04 1181687 1181687 0.02491 13692551
2020-09-05 1172254 1172254 0.02681 13313935
2020-09-06 1175518 1175518 0.02863 13435692
2020-09-07 1179903 1179903 0.03038 13588864
2020-09-08 1169833 1169833 0.03211 13257325
2020-09-09 1174409 1174409 0.03378 13399851
2020-09-10 1179266 1179266 0.03538 13543621
2020-09-11 1181603 1181603 0.03692 13609685
2020-09-12 1184034 1184034 0.03667 13675540
2020-09-13 1178821 1178821 0.03819 13533394
2020-09-14 1195841 1195841 0.02910 13979108
2020-09-15 1199983 1199983 0.02410 14121425
2020-09-16 1205275 1205275 0.02590 14341041
2020-09-17 1204900 1204900 0.02764 14326545
2020-09-18 1204564 1204564 0.02934 14314406
2020-09-19 1210174 1210174 0.02954 14505619
2020-09-20 1204228 1204228 0.03118 14304323
2020-09-21 1183314 1183314 0.03285 13633584
2020-09-22 1188606 1188606 0.03445 13794678
2020-09-23 1175033 1175033 0.03604 13400663
2020-09-24 1199134 1199134 0.03425 14069294
2020-09-25 1196702 1196702 0.03579 13998306
2020-09-26 1198543 1198543 0.03728 14049743
2020-09-27 1201060 1201060 0.03871 14117274
2020-09-28 1196438 1196438 0.04011 13997874
2020-09-29 1204157 1204157 0.04146 14190291
2020-09-30 1200997 1200997 0.04277 14114079
2020-10-01 1192288 1192288 0.04405 13910438
2020-10-02 1189740 1189740 0.04531 13852598
2020-10-03 1188264 1188264 0.04653 13820017
2020-10-04 1195330 1195330 0.04770 13971880
2020-10-05 1203161 1203161 0.04882 14136052
2020-10-06 1191099 1191099 0.04993 13888989
2020-10-07 1195206 1195206 0.05100 13971238
2020-10-08 1212306 1212306 0.04683 14306549
2020-10-09 1220082 1220082 0.04000 14472594
2020-10-10 1233135 1233135 0.02505 14798921
2020-10-11 1235488 1235488 0.02679 14892851
2020-10-12 1241207 1241207 0.02570 15106365
2020-10-13 1237572 1237572 0.02741 14964939
2020-10-14 1237603 1237603 0.02907 14966065
2020-10-15 1240735 1240735 0.03067 15073798
2020-10-16 1233135 1233135 0.03224 14825975
2020-10-17 1234990 1234990 0.03376 14883515
2020-10-18 1241806 1241806 0.03522 15085400
2020-10-19 1253067 1253067 0.02862 15405141
2020-10-20 1258950 1258950 0.02210 15610693
2020-10-21 1284457 1284457 0.00164 16765096
2020-10-22 1284844 1284844 0.00385 17001578
2020-10-23 1284633 1284633 0.00601 16947012
2020-10-24 1286059 1286059 0.00808 17184214
2020-10-25 1285175 1285175 0.01009 17074688
2020-10-26 1285540 1285540 0.01204 17110882
2020-10-27 1294706 1294706 0.00181 17871925
2020-10-28 1293820 1293820 0.00399 17383258
2020-10-29 1294833 1294833 0.00607 17636922
2020-10-30 1295578 1295578 0.00808 17759609
2020-10-31 1298265 1298265 0.00781 18092156
2020-11-01 1297711 1297711 0.00974 18021339
2020-11-02 1295183 1295183 0.01163 17761691
2020-11-03 1302463 1302463 0.00742 18387449
2020-11-04 1303620 1303620 0.00750 18543292
2020-11-05 1317803 1317803 0.00171 20434799
2020-11-06 1317788 1317788 0.00359 20425698
2020-11-07 1314215 1314215 0.00552 19431631
2020-11-08 1318911 1318911 0.00538 20283041
2020-11-09 1317804 1317804 0.00719 20077306
2020-11-10 1317631 1317631 0.00894 20053224
2020-11-11 1322248 1322248 0.01060 20569481
2020-11-12 1330469 1330469 0.00155 21344850
2020-11-13 1330541 1330541 0.00337 21391442
2020-11-14 1329441 1329441 0.00516 21065062
2020-11-15 1328691 1328691 0.00691 20919904
2020-11-16 1335474 1335474 0.00499 21900889
2020-11-17 1341725 1341725 0.00159 23152784
2020-11-18 1341944 1341944 0.00327 23290701
2020-11-19 1342113 1342113 0.00490 23342452
2020-11-20 1347641 1347641 0.00151 24471477
2020-11-21 1347715 1347715 0.00311 24520387
2020-11-22 1346535 1346535 0.00469 24140894
2020-11-23 1346217 1346217 0.00623 24072996
2020-11-24 1352555 1352555 0.00454 25091133
2020-11-25 1350009 1350009 0.00605 24530117
2020-11-26 1337543 1337543 0.00766 22471137
2020-11-27 1337486 1337486 0.00921 22463673
2020-11-28 1344574 1344574 0.00751 23232874
2020-11-29 1349004 1349004 0.00899 23822463
2020-11-30 1366754 1366754 0.00275 25797398
2020-12-01 1363409 1363409 0.00433 24581187
2020-12-02 1365991 1365991 0.00583 25177167
2020-12-03 1367684 1367684 0.00568 25467679
2020-12-04 1361918 1361918 0.00718 24453288
2020-12-05 1366513 1366513 0.00860 25092848
2020-12-06 1368974 1368974 0.00846 25378869
2020-12-07 1366679 1366679 0.00984 25107698
2020-12-08 1355633 1355633 0.01124 23985365
2020-12-09 1359169 1359169 0.01258 24299920
2020-12-10 1354122 1354122 0.01390 23898767
2020-12-11 1350293 1350293 0.01520 23623406
2020-12-12 1365734 1365734 0.01379 24639067
2020-12-13 1371995 1371995 0.01227 25093110
2020-12-14 1373795 1373795 0.01354 25239735
2020-12-15 1376641 1376641 0.01355 25449962
2020-12-16 1410900 1410900 0.00111 27978384
2020-12-17 1412998 1412998 0.00139 29875247
2020-12-18 1413582 1413582 0.00274 30296775
2020-12-19 1416122 1416122 0.00128 31222395
2020-12-20 1415499 1415499 0.00262 30735078
2020-12-21 1412963 1412963 0.00397 29767567
2020-12-22 1418693 1418693 0.00387 31212063
2020-12-23 1415719 1415719 0.00515 30442876
2020-12-24 1418944 1418944 0.00636 31069563
2020-12-25 1427097 1427097 0.00113 32351393
2020-12-26 1429709 1429709 0.00120 34657593
2020-12-27 1429384 1429384 0.00241 34386946
2020-12-28 1431844 1431844 0.00356 35406143
2020-12-29 1433391 1433391 0.00223 35841015
2020-12-30 1437812 1437812 0.00107 37820062
2020-12-31 1437968 1437968 0.00218 37966058
2021-01-01 1439137 1439137 0.00323 38502757
2021-01-02 1451052 1451052 0.00093 42187546
2021-01-03 1452131 1452131 0.00191 43341608
2021-01-04 1449397 1449397 0.00289 41911699
2021-01-05 1457097 1457097 0.00187 44574135
2021-01-06 1463984 1463984 0.00085 48254996
2021-01-07 1466959 1466959 0.00082 51738986
2021-01-08 1468209 1468209 0.00163 53253528
2021-01-09 1467296 1467296 0.00241 52693049
2021-01-10 1460768 1460768 0.00322 49988499
2021-01-11 1449313 1449313 0.00406 46429082
2021-01-12 1441764 1441764 0.00491 44568858
2021-01-13 1463344 1463344 0.00397 48966775
2021-01-14 1472389 1472389 0.00396 51246431
2021-01-15 1460055 1460055 0.00475 48132728
2021-01-16 1455347 1455347 0.00554 47142000
2021-01-17 1454036 1454036 0.00630 46905307
2021-01-18 1460617 1460617 0.00702 47949896
2021-01-19 1454184 1454184 0.00774 47034123
2021-01-20 1449919 1449919 0.00844 46483203
2021-01-21 1398179 1398179 0.00923 40356406
2021-01-22 1424457 1424457 0.00916 43203102
2021-01-23 1413970 1413970 0.00989 42057853
2021-01-24 1416189 1416189 0.01060 42282222
2021-01-25 1415806 1415806 0.01129 42246067
2021-01-26 1419402 1419402 0.01195 42564682
2021-01-27 1386859 1386859 0.01263 39841039
2021-01-28 1437489 1437489 0.00976 43848437
2021-01-29 1447265 1447265 0.00972 44849903
2021-01-30 1448199 1448199 0.01040 44945968
2021-01-31 1432107 1432107 0.01108 43398637
2021-02-01 1437784 1437784 0.01173 43911123
2021-02-02 1468336 1468336 0.00904 46516268
2021-02-03 1494018 1494018 0.00611 49357189
2021-02-04 1488451 1488451 0.00685 48446681
2021-02-05 1500329 1500329 0.00529 50180040
2021-02-06 1506993 1506993 0.00537 51439909
2021-02-07 1504012 1504012 0.00610 50885061
2021-02-08 1564367 1564367 0.00059 60782341
2021-02-09 1564436 1564436 0.00134 60898559
2021-02-10 1561535 1561535 0.00210 58737137
2021-02-11 1570131 1570131 0.00069 62831748
2021-02-12 1569605 1569605 0.00142 62064852
2021-02-13 1569292 1569292 0.00214 61845694
2021-02-14 1573317 1573317 0.00210 63723543
2021-02-15 1571336 1571336 0.00279 62780795
2021-02-16 1575806 1575806 0.00270 64383571
2021-02-17 1586447 1586447 0.00062 68322219
2021-02-18 1585967 1585967 0.00130 67543407
2021-02-19 1593482 1593482 0.00061 73317045
2021-02-20 1593440 1593440 0.00125 73248244
2021-02-21 1595982 1595982 0.00185 75286965
2021-02-22 1587960 1587960 0.00246 70940394
2021-02-23 1570919 1570919 0.00312 64018744
2021-02-24 1574462 1574462 0.00376 65152863
2021-02-25 1561354 1561354 0.00440 61662495
2021-02-26 1556894 1556894 0.00504 60649269
2021-02-27 1555542 1555542 0.00566 60381018
2021-02-28 1549098 1549098 0.00628 59243037
2021-03-01 1585168 1585168 0.00430 64989607
2021-03-02 1578902 1578902 0.00492 63532160
2021-03-03 1590896 1590896 0.00421 65972190
2021-03-04 1579758 1579758 0.00483 63328074
2021-03-05 1582155 1582155 0.00543 63823995
2021-03-06 1583332 1583332 0.00601 64040612
2021-03-07 1599571 1599571 0.00475 66741679
2021-03-08 1608658 1608658 0.00356 68654204
2021-03-09 1620321 1620321 0.00303 71929551
2021-03-10 1623985 1623985 0.00299 73138573
2021-03-11 1631502 1631502 0.00116 75652551
2021-03-12 1630744 1630744 0.00177 74996426
2021-03-13 1639787 1639787 0.00056 80095816
2021-03-14 1638209 1638209 0.00118 77281962
2021-03-15 1632998 1632998 0.00182 72866302
2021-03-16 1636005 1636005 0.00242 74521471
2021-03-17 1642325 1642325 0.00175 77131907
2021-03-18 1639459 1639459 0.00235 75490121
2021-03-19 1640761 1640761 0.00292 76045284
2021-03-20 1641015 1641015 0.00348 76132221
2021-03-21 1637566 1637566 0.00403 75141454
2021-03-22 1620090 1620090 0.00460 70805869
2021-03-23 1621840 1621840 0.00514 71186475
2021-03-24 1607875 1607875 0.00569 68470507
2021-03-25 1600709 1600709 0.00624 67211541
2021-03-26 1631373 1631373 0.00563 72129054
2021-03-27 1636965 1636965 0.00557 73121720
2021-03-28 1636611 1636611 0.00608 73058209
2021-03-29 1651004 1651004 0.00451 75427330
2021-03-30 1657850 1657850 0.00502 76946992
2021-03-31 1657995 1657995 0.00551 76975788
2021-04-01 1657605 1657605 0.00599 76905010
2021-04-02 1659763 1659763 0.00646 77265214
2021-04-03 1643365 1643365 0.00692 74725857
2021-04-04 1653771 1653771 0.00737 76228849
2021-04-05 1662577 1662577 0.00677 77424187
2021-04-06 1652759 1652759 0.00722 75974963
2021-04-07 1633030 1633030 0.00768 73244040
2021-04-08 1654781 1654781 0.00765 76077497
2021-04-09 1654911 1654911 0.00807 76094468
2021-04-10 1672424 1672424 0.00695 78264794
2021-04-11 1674355 1674355 0.00495 78542840
2021-04-12 1673398 1673398 0.00544 78349558
2021-04-13 1700012 1700012 0.00045 83237686
2021-04-14 1699671 1699671 0.00105 82480284
2021-04-15 1700021 1700021 0.00164 82811719
2021-04-16 1696152 1696152 0.00222 80450756
2021-04-17 1692068 1692068 0.00280 78612283
2021-04-18 1678308 1678308 0.00340 73699445
2021-04-19 1675699 1675699 0.00399 72932013
2021-04-20 1679921 1679921 0.00455 73990927
2021-04-21 1663857 1663857 0.00512 70459271
2021-04-22 1649626 1649626 0.00570 67680132
2021-04-23 1645840 1645840 0.00626 67015823
2021-04-24 1637164 1637164 0.00682 65630751
2021-04-25 1628312 1628312 0.00738 64333679
2021-04-26 1676095 1676095 0.00561 70809130
2021-04-27 1683573 1683573 0.00614 72142175
2021-04-28 1682049 1682049 0.00666 71894129
2021-04-29 1670644 1670644 0.00717 70181303
2021-04-30 1709921 1709921 0.00442 75656716
2021-05-01 1710365 1710365 0.00497 75757076
2021-05-02 1702366 1702366 0.00551 74147373
2021-05-03 1706692 1706692 0.00603 74932693
2021-05-04 1675239 1675239 0.00657 69713641
2021-05-05 1711984 1711984 0.00651 75309253
2021-05-06 1702924 1702924 0.00701 73917857
2021-05-07 1711497 1711497 0.00748 75141375
2021-05-08 1727200 1727200 0.00521 77240530
2021-05-09 1722562 1722562 0.00573 76350711
2021-05-10 1704359 1704359 0.00626 73175802
2021-05-11 1711597 1711597 0.00676 74332065
2021-05-12 1646266 1646266 0.00732 64671700
2021-05-13 1649223 1649223 0.00786 65075550
2021-05-14 1651133 1651133 0.00839 65318423
2021-05-15 1616302 1616302 0.00893 61165291
2021-05-16 1613214 1613214 0.00946 60819400
2021-05-17 1577908 1577908 0.01000 57085544
2021-05-18 1568536 1568536 0.01054 56148413
2021-05-19 1484385 1484385 0.01115 48163973
2021-05-20 1540740 1540740 0.01107 53219258
2021-05-21 1492805 1492805 0.01166 48890392
2021-05-22 1495329 1495329 0.01222 49106957
2021-05-23 1450620 1450620 0.01281 45448541
2021-05-24 1519961 1519961 0.01159 50860796
2021-05-25 1513253 1513253 0.01214 50281814
2021-05-26 1527750 1527750 0.01267 51475868
2021-05-27 1514379 1514379 0.01319 50420293
2021-05-28 1465834 1465834 0.01373 46739276
2021-05-29 1446764 1446764 0.01428 45350708
2021-05-30 1466315 1466315 0.01425 46719974
2021-05-31 1497352 1497352 0.01368 48898576
2021-06-01 1485743 1485743 0.01420 48049876
2021-06-02 1502401 1502401 0.01469 49223266
2021-06-03 1533758 1533758 0.01364 51358432
2021-06-04 1492085 1492085 0.01416 48303945
2021-06-05 1466955 1466955 0.01468 46529337
2021-06-06 1472275 1472275 0.01518 46891689
2021-06-07 1428012 1428012 0.01570 43976440
2021-06-08 1424497 1424497 0.01621 43752608
2021-06-09 1509145 1509145 0.01460 48975300
2021-06-10 1495907 1495907 0.01509 48068523
2021-06-11 1508430 1508430 0.01557 48898183
2021-06-12 1471770 1471770 0.01605 46543244
2021-06-13 1544717 1544717 0.01407 51088518
2021-06-14 1572702 1572702 0.01154 53077688
2021-06-15 1567242 1567242 0.01209 52604539
2021-06-16 1538473 1538473 0.01264 50224549
2021-06-17 1534229 1534229 0.01319 49888911
2021-06-18 1495242 1495242 0.01375 46932480
2021-06-19 1489248 1489248 0.01430 46496495
2021-06-20 1490796 1490796 0.01483 46604803
2021-06-21 1413996 1413996 0.01541 41424932
2021-06-22 1432376 1432376 0.01595 42618017
2021-06-23 1455501 1455501 0.01534 44067660
2021-06-24 1475528 1475528 0.01585 45373284
2021-06-25 1412173 1412173 0.01640 41377253
2021-06-26 1426599 1426599 0.01692 42256753
2021-06-27 1480454 1480454 0.01581 45438995
2021-06-28 1476056 1476056 0.01632 45160870
2021-06-29 1506417 1506417 0.01530 47021434
2021-06-30 1488974 1488974 0.01581 45881252
2021-07-01 1458472 1458472 0.01633 43952332
2021-07-02 1463763 1463763 0.01684 44276237
2021-07-03 1483092 1483092 0.01679 45424328
2021-07-04 1496303 1496303 0.01676 46211220
2021-07-05 1461527 1461527 0.01725 44135662
2021-07-06 1473719 1473719 0.01771 44842635
2021-07-07 1465331 1465331 0.01817 44369094
2021-07-08 1441921 1441921 0.01863 43080965
2021-07-09 1464555 1464555 0.01907 44295710
2021-07-10 1456844 1456844 0.01949 43891297
2021-07-11 1475754 1475754 0.01943 44861545
2021-07-12 1446400 1446400 0.01985 43350997
2021-07-13 1436600 1436600 0.02026 42857316
2021-07-14 1439135 1439135 0.02066 42982438
2021-07-15 1412763 1412763 0.02105 41705807
2021-07-16 1400068 1400068 0.02144 41102808
2021-07-17 1404041 1404041 0.02182 41288115
2021-07-18 1411099 1411099 0.02218 41611523
2021-07-19 1383578 1383578 0.02255 40370955
2021-07-20 1352793 1352793 0.02291 39005526
2021-07-21 1423352 1423352 0.02251 42085300
2021-07-22 1428140 1428140 0.02285 42298002
2021-07-23 1469528 1469528 0.02097 44109420
2021-07-24 1486489 1486489 0.02011 44918180
2021-07-25 1516155 1516155 0.01713 46393332
2021-07-26 1557950 1557950 0.01363 48832878
2021-07-27 1596935 1596935 0.01316 51693049
2021-07-28 1606603 1606603 0.01313 52427561
2021-07-29 1606623 1606623 0.01366 52429119
2021-07-30 1645917 1645917 0.01102 55306588
2021-07-31 1635167 1635167 0.01159 54331325
2021-08-01 1610098 1610098 0.01217 52169170
2021-08-02 1599363 1599363 0.01274 51287287
2021-08-03 1582868 1582868 0.01331 49992873
2021-08-04 1610130 1610130 0.01327 52040996
2021-08-05 1630178 1630178 0.01322 53551570
2021-08-06 1664133 1664133 0.01152 56120704
2021-08-07 1690618 1690618 0.01052 58420644
2021-08-08 1680220 1680220 0.01109 57432600
2021-08-09 1715561 1715561 0.00997 60620539
2021-08-10 1706640 1706640 0.01053 59725902
2021-08-11 1705677 1705677 0.01107 59634433
2021-08-12 1689794 1689794 0.01161 58200007
2021-08-13 1741736 1741736 0.00941 62673429
2021-08-14 1732604 1732604 0.00997 61703286
2021-08-15 1731410 1731410 0.01052 61583558
2021-08-16 1716291 1716291 0.01106 60146002
2021-08-17 1698391 1698391 0.01160 58527251
2021-08-18 1698797 1698797 0.01212 58562319
2021-08-19 1731222 1731222 0.01154 61237850
2021-08-20 1770396 1770396 0.00886 64631682
2021-08-21 1764922 1764922 0.00942 64014043
2021-08-22 1770074 1770074 0.00996 64560785
2021-08-23 1773460 1773460 0.01048 64900614
2021-08-24 1748336 1748336 0.01101 62504176
2021-08-25 1766794 1766794 0.01150 64180886
2021-08-26 1734322 1734322 0.01201 61358311
2021-08-27 1769609 1769609 0.01197 64297091
2021-08-28 1767020 1767020 0.01244 64080853
2021-08-29 1764958 1764958 0.01289 63915018
2021-08-30 1734478 1734478 0.01335 61551004
2021-08-31 1737147 1737147 0.01380 61750899
2021-09-01 1767810 1767810 0.01331 63973645
2021-09-02 1775152 1775152 0.01321 64525337
2021-09-03 1788130 1788130 0.01363 65507789
2021-09-04 1786669 1786669 0.01404 65400568
2021-09-05 1820985 1820985 0.00715 67844252
2021-09-06 1829398 1829398 0.00773 69021387
2021-09-07 1770288 1770288 0.00836 61372100
2021-09-08 1761804 1761804 0.00899 60357395
2021-09-09 1765344 1765344 0.00959 60751384
2021-09-10 1746066 1746066 0.01019 58740739
2021-09-11 1750327 1750327 0.01077 59158836
2021-09-12 1762437 1762437 0.01133 60282832
2021-09-13 1746703 1746703 0.01188 58893898
2021-09-14 1779815 1779815 0.01065 61681614
2021-09-15 1794429 1794429 0.00940 63053655
2021-09-16 1789623 1789623 0.00998 62542558
2021-09-17 1783670 1783670 0.01055 61946133
2021-09-18 1797777 1797777 0.01045 63283866
2021-09-19 1782981 1782981 0.01100 61867654
2021-09-20 1722355 1722355 0.01159 56355628
2021-09-21 1685345 1685345 0.01219 53161169
2021-09-22 1733118 1733118 0.01213 57080489
2021-09-23 1753991 1753991 0.01153 58801133
2021-09-24 1722964 1722964 0.01211 56110110
2021-09-25 1720962 1720962 0.01266 55944707
2021-09-26 1728965 1728965 0.01320 56576593
2021-09-27 1711420 1711420 0.01373 55247556
2021-09-28 1690901 1690901 0.01427 53753665
2021-09-29 1700128 1700128 0.01478 54400427
2021-09-30 1744468 1744468 0.01367 57401186
2021-10-01 1822112 1822112 0.01146 63081050
2021-10-02 1814820 1814820 0.01198 62444555
2021-10-03 1823453 1823453 0.01249 63164950
2021-10-04 1839911 1839911 0.01024 64482582
2021-10-05 1870209 1870209 0.00825 67440808
2021-10-06 1911754 1911754 0.00731 72475312
2021-10-07 1896846 1896846 0.00790 70434862
2021-10-08 1898599 1898599 0.00846 70656966
2021-10-09 1909902 1909902 0.00901 71992276
2021-10-10 1906812 1906812 0.00953 71649227
2021-10-11 1941401 1941401 0.00725 75276869
2021-10-12 1927257 1927257 0.00782 73326094
2021-10-13 1941382 1941382 0.00836 75131973
2021-10-14 1941349 1941349 0.00889 75128084
2021-10-15 1991221 1991221 0.00327 80740299
2021-10-16 1987847 1987847 0.00392 79709605
2021-10-17 1991283 1991283 0.00455 80585281
2021-10-18 1994235 1994235 0.00457 81234374
2021-10-19 2007438 2007438 0.00222 84124388
2021-10-20 2012515 2012515 0.00121 86414310
2021-10-21 2006535 2006535 0.00191 81476356
2021-10-22 2002735 2002735 0.00261 79490159
2021-10-23 2004910 2004910 0.00328 80323106
2021-10-24 2003068 2003068 0.00394 79761854
2021-10-25 2014366 2014366 0.00320 82631322
2021-10-26 2002756 2002756 0.00386 78999804
2021-10-27 1993338 1993338 0.00453 76561096
2021-10-28 2005946 2005946 0.00448 79346219
2021-10-29 2015981 2015981 0.00443 81583932
2021-10-30 2013840 2013840 0.00504 81100346
2021-10-31 2010060 2010060 0.00564 80350186
2021-11-01 2006837 2006837 0.00622 79778472
2021-11-02 2025884 2025884 0.00429 82838970
2021-11-03 2024033 2024033 0.00490 82407777
2021-11-04 2014577 2014577 0.00550 80478268
2021-11-05 2011511 2011511 0.00609 79921286
2021-11-06 2015586 2015586 0.00666 80589825
2021-11-07 2030919 2030919 0.00661 82891350
2021-11-08 2067768 2067768 0.00114 88468510
2021-11-09 2066857 2066857 0.00181 87665420
2021-11-10 2062063 2062063 0.00248 85014612
2021-11-11 2061738 2061738 0.00314 84883531
2021-11-12 2059015 2059015 0.00378 84015437
2021-11-13 2060297 2060297 0.00440 84354742
2021-11-14 2066586 2066586 0.00499 85785174
2021-11-15 2054152 2054152 0.00558 83292174
2021-11-16 2028853 2028853 0.00618 78756354
2021-11-17 2030727 2030727 0.00677 79059294
2021-11-18 2000096 2000096 0.00737 74533675
2021-11-19 2011783 2011783 0.00794 76119336
2021-11-20 2028839 2028839 0.00788 78266903
2021-11-21 2017591 2017591 0.00843 76839456
2021-11-22 1991268 1991268 0.00899 73717137
2021-11-23 2006403 2006403 0.00952 75400996
2021-11-24 2001481 2001481 0.01003 74883836
2021-11-25 2025197 2025197 0.00944 77247588
2021-11-26 1960873 1960873 0.01000 70437153
2021-11-27 1973772 1973772 0.01052 71727417
2021-11-28 2009099 2009099 0.00993 75084831
2021-11-29 2015688 2015688 0.01043 75748184
2021-11-30 2003789 2003789 0.01093 74607610
2021-12-01 2007759 2007759 0.01140 74970957
2021-12-02 1997254 1997254 0.01187 74049553
2021-12-03 1953673 1953673 0.01234 70377362
2021-12-04 1880788 1880788 0.01285 64473193
2021-12-05 1884629 1884629 0.01334 64772086
2021-12-06 1903696 1903696 0.01380 66201772
2021-12-07 1905003 1905003 0.01425 66296475
2021-12-08 1903435 1903435 0.01468 66186451
2021-12-09 1846712 1846712 0.01513 62323190
2021-12-10 1837782 1837782 0.01557 61732998
2021-12-11 1883823 1883823 0.01509 64690007
2021-12-12 1898126 1898126 0.01550 65637875
2021-12-13 1829110 1829110 0.01594 61186413
2021-12-14 1863854 1863854 0.01591 63366652
2021-12-15 1873997 1873997 0.01631 64004221
2021-12-16 1848081 1848081 0.01671 62415248
2021-12-17 1816300 1816300 0.01711 60513199
2021-12-18 1831332 1831332 0.01749 61391808
2021-12-19 1827273 1827273 0.01786 61159765
2021-12-20 1832193 1832193 0.01822 61435192
2021-12-21 1880265 1880265 0.01704 64073651
2021-12-22 1873328 1873328 0.01741 63666567
2021-12-23 1924202 1924202 0.01534 66588075
2021-12-24 1924031 1924031 0.01575 66576918
2021-12-25 1915796 1915796 0.01615 66054087
2021-12-26 1923176 1923176 0.01653 66511089
2021-12-27 1921594 1921594 0.01690 66415365
2021-12-28 1851320 1851320 0.01729 62257951
2021-12-29 1827324 1827324 0.01767 60869959
2021-12-30 1842766 1842766 0.01804 61743854
2021-12-31 1820652 1820652 0.01840 60517717
2022-01-01 1858307 1858307 0.01837 62564531
2022-01-02 1848028 1848028 0.01872 62005113
2022-01-03 1825715 1825715 0.01906 60813035
2022-01-04 1810246 1810246 0.01939 60001290
2022-01-05 1749709 1749709 0.01973 56879180
2022-01-06 1740970 1740970 0.02006 56436307
2022-01-07 1699931 1699931 0.02040 54390946
2022-01-08 1704074 1704074 0.02072 54594063
2022-01-09 1709096 1709096 0.02104 54836373
2022-01-10 1708259 1708259 0.02134 54796577
2022-01-11 1733148 1733148 0.02163 55962792
2022-01-12 1767069 1767069 0.02063 57530918
2022-01-13 1730293 1730293 0.02094 55747955
2022-01-14 1744836 1744836 0.02124 56442527
2022-01-15 1744827 1744827 0.02153 56442082
2022-01-16 1744987 1744987 0.02181 56449533
2022-01-17 1720637 1720637 0.02209 55333014
2022-01-18 1724175 1724175 0.02236 55493205
2022-01-19 1703851 1703851 0.02262 54584163
2022-01-20 1675791 1675791 0.02289 53343857
2022-01-21 1548699 1548699 0.02317 47790804
2022-01-22 1506085 1506085 0.02346 45951808
2022-01-23 1543028 1543028 0.02344 47526495
2022-01-24 1556270 1556270 0.02371 48091374
2022-01-25 1564061 1564061 0.02397 48419954
2022-01-26 1559460 1559460 0.02422 48227994
2022-01-27 1571481 1571481 0.02446 48724347
2022-01-28 1588777 1588777 0.02413 49431477
2022-01-29 1602819 1602819 0.02360 50013275
2022-01-30 1595069 1595069 0.02385 49684813
2022-01-31 1612250 1612250 0.02385 50405169
2022-02-01 1619782 1619782 0.02410 50720915
2022-02-02 1562683 1562683 0.02434 48351323
2022-02-03 1575326 1575326 0.02458 48870684
2022-02-04 1712427 1712427 0.02309 54448446
2022-02-05 1707835 1707835 0.02334 54249599
2022-02-06 1738176 1738176 0.02332 55549304
2022-02-07 1782418 1782418 0.02173 57446507
2022-02-08 1788749 1788749 0.02172 57737897
2022-02-09 1798284 1798284 0.02079 58176946
2022-02-10 1773723 1773723 0.02110 56995463
2022-02-11 1742823 1742823 0.02141 55530905
2022-02-12 1738196 1738196 0.02171 55314733
2022-02-13 1733552 1733552 0.02200 55100800
2022-02-14 1746878 1746878 0.02228 55706522
2022-02-15 1806461 1806461 0.02136 58380757
2022-02-16 1787415 1787415 0.02165 57488988
2022-02-17 1692571 1692571 0.02196 53108226
2022-02-18 1676495 1676495 0.02226 52376058
2022-02-19 1679760 1679760 0.02255 52522761
2022-02-20 1628524 1628524 0.02285 50250622
2022-02-21 1589713 1589713 0.02314 48551807
2022-02-22 1625878 1625878 0.02312 50114486
2022-02-23 1595724 1595724 0.02341 48810538
2022-02-24 1629530 1629530 0.02368 50254524
2022-02-25 1656038 1656038 0.02365 51373832
2022-02-26 1653406 1653406 0.02391 51262551
2022-02-27 1608508 1608508 0.02417 49384754
2022-02-28 1781517 1781517 0.02187 56542874
2022-03-01 1817745 1817745 0.02215 58199365
2022-03-02 1803032 1803032 0.02243 57535134
2022-03-03 1760141 1760141 0.02270 55622662
2022-03-04 1662012 1662012 0.02299 51300395
2022-03-05 1669275 1669275 0.02327 51616286
2022-03-06 1639471 1639471 0.02355 50335726
2022-03-07 1626442 1626442 0.02383 49782567
2022-03-08 1649443 1649443 0.02409 50747904
2022-03-09 1750579 1750579 0.02294 54946646
2022-03-10 1675023 1675023 0.02322 51652507
2022-03-11 1653292 1653292 0.02350 50716660
2022-03-12 1656130 1656130 0.02377 50837435
2022-03-13 1624017 1624017 0.02405 49486712
2022-03-14 1683063 1683063 0.02403 51942247
2022-03-15 1671642 1671642 0.02428 51466885
2022-03-16 1730144 1730144 0.02317 53876444
2022-03-17 1724696 1724696 0.02344 53641336
2022-03-18 1750209 1750209 0.02370 54729727
2022-03-19 1763892 1763892 0.02367 55307138
2022-03-20 1733103 1733103 0.02393 54006582
2022-03-21 1726868 1726868 0.02417 53745991
2022-03-22 1769609 1769609 0.02392 55514170
2022-03-23 1786275 1786275 0.02391 56210824
2022-03-24 1820727 1820727 0.02289 57652033
2022-03-25 1829559 1829559 0.02292 58037825
2022-03-26 1836012 1836012 0.02295 58319433
2022-03-27 1906006 1906006 0.01963 61368918
2022-03-28 1913410 1913410 0.01997 61746041
2022-03-29 1921431 1921431 0.01997 62147599
2022-03-30 1911208 1911208 0.02030 61635650
2022-03-31 1869983 1869983 0.02063 59604865
2022-04-01 1891342 1891342 0.02095 60640077
2022-04-02 1877968 1877968 0.02126 60001656
2022-04-03 1894150 1894150 0.02156 60762855
2022-04-04 1899701 1899701 0.02184 61020342
2022-04-05 1868365 1868365 0.02213 59585824
2022-04-06 1801392 1801392 0.02242 56559387
2022-04-07 1809112 1809112 0.02270 56903707
2022-04-08 1774496 1774496 0.02298 55378899
2022-04-09 1788875 1788875 0.02325 56004551
2022-04-10 1769570 1769570 0.02352 55174276
2022-04-11 1689229 1689229 0.02379 51757804
2022-04-12 1707067 1707067 0.02405 52507623
2022-04-13 1740145 1740145 0.02402 53882965
2022-04-14 1702827 1702827 0.02428 52329623
2022-04-15 1721956 1721956 0.02452 53117484
2022-04-16 1716577 1716577 0.02476 52898129
2022-04-17 1693736 1693736 0.02500 51975718
2022-04-18 1730506 1730506 0.02522 53446718
2022-04-19 1753331 1753331 0.02468 54351805
2022-04-20 1749133 1749133 0.02491 54181675
2022-04-21 1719614 1719614 0.02513 52996460
2022-04-22 1695104 1695104 0.02536 52021236
2022-04-23 1684996 1684996 0.02557 51622572
2022-04-24 1686530 1686530 0.02579 51682560
2022-04-25 1719409 1719409 0.02599 52957633
2022-04-26 1641025 1641025 0.02619 49941278
2022-04-27 1679385 1679385 0.02639 51405797
2022-04-28 1696597 1696597 0.02637 52058124
2022-04-29 1656519 1656519 0.02656 50538083
2022-04-30 1623353 1623353 0.02675 49289318
2022-05-01 1653077 1653077 0.02693 50400481
2022-05-02 1654229 1654229 0.02711 50443262
2022-05-03 1626148 1626148 0.02728 49407369
2022-05-04 1696002 1696002 0.02672 51967808
2022-05-05 1585739 1585739 0.02691 47841181
2022-05-06 1567600 1567600 0.02710 47167168
2022-05-07 1547876 1547876 0.02729 46439400
2022-05-08 1496491 1496491 0.02748 44556392
2022-05-09 1354594 1354594 0.02769 39392379
2022-05-10 1387874 1387874 0.02767 40594460
2022-05-11 1315399 1315399 0.02788 37975500
2022-05-12 1311609 1311609 0.02809 37839560
2022-05-13 1324210 1324210 0.02828 38288221
2022-05-14 1353657 1353657 0.02805 39329470
2022-05-15 1399981 1399981 0.02786 40980841
2022-05-16 1346629 1346629 0.02805 39065593
2022-05-17 1368412 1368412 0.02824 39842008
2022-05-18 1303906 1303906 0.02844 37558109
2022-05-19 1363827 1363827 0.02842 39665187
2022-05-20 1322379 1322379 0.02861 38206888
2022-05-21 1331533 1331533 0.02879 38526864
2022-05-22 1363333 1363333 0.02877 39631572
2022-05-23 1318770 1318770 0.02894 38082564
2022-05-24 1339631 1339631 0.02911 38803300
2022-05-25 1334980 1334980 0.02928 38643541
2022-05-26 1322441 1322441 0.02944 38215217
2022-05-27 1299562 1299562 0.02959 37437924
2022-05-28 1315890 1315890 0.02974 37989668
2022-05-29 1332955 1332955 0.02973 38563386
2022-05-30 1421810 1421810 0.02799 41552032
2022-05-31 1422966 1422966 0.02818 41593334
2022-06-01 1350078 1350078 0.02837 39006600
2022-06-02 1374218 1374218 0.02855 39857487
2022-06-03 1345510 1345510 0.02874 38852066
2022-06-04 1352438 1352438 0.02891 39093171
2022-06-05 1353781 1353781 0.02908 39139619
2022-06-06 1409467 1409467 0.02834 41054409
2022-06-07 1400733 1400733 0.02852 40746166
2022-06-08 1365996 1365996 0.02870 39528017
2022-06-09 1362368 1362368 0.02887 39401584
2022-06-10 1323674 1323674 0.02905 38061481
2022-06-11 1298006 1298006 0.02923 37177935
2022-06-12 1228892 1228892 0.02941 34813188
2022-06-13 1069661 1069661 0.02962 29398838
2022-06-14 1055964 1055964 0.02982 28936414
2022-06-15 1073851 1073851 0.03002 29536126
2022-06-16  988450  988450 0.03023 26691381
2022-06-17  990739  990739 0.03043 26767096
2022-06-18  931600  931600 0.03065 24823929
2022-06-19  995652  995652 0.03062 26913917
2022-06-20  995757  995757 0.03082 26917348
2022-06-21 1002086 1002086 0.03100 27122743
2022-06-22  971697  971697 0.03118 26142438
2022-06-23 1017832 1017832 0.03076 27621833
2022-06-24 1022745 1022745 0.03056 27781592
2022-06-25 1033604 1033604 0.03056 28136964
2022-06-26 1015273 1015273 0.03075 27537069
2022-06-27 1002028 1002028 0.03093 27106283
2022-06-28  984270  984270 0.03112 26532224
2022-06-29  977417  977417 0.03130 26312019
2022-06-30  970520  970520 0.03148 26091643
2022-07-01  942268  942268 0.03165 25194085
2022-07-02  941803  941803 0.03183 25179393
2022-07-03  944562  944562 0.03199 25266095
2022-07-04  982899  982899 0.03163 26464379
2022-07-05  981205  981205 0.03180 26410820
2022-07-06  996978  996978 0.03178 26906885
2022-07-07 1042590 1042590 0.03090 28342241
2022-07-08 1040186 1040186 0.03107 28264431
2022-07-09 1040357 1040357 0.03125 28269944
2022-07-10 1010395 1010395 0.03142 27311036
2022-07-11  973104  973104 0.03159 26124145
2022-07-12  947099  947099 0.03177 25301032
2022-07-13  985007  985007 0.03176 26494262
2022-07-14  999348  999348 0.03174 26945882
2022-07-15 1010078 1010078 0.03190 27283943
2022-07-16 1025121 1025121 0.03173 27755494
2022-07-17 1008766 1008766 0.03189 27240022
2022-07-18 1076962 1076962 0.03016 29378684
2022-07-19 1115275 1115275 0.02960 30648873
2022-07-20 1107660 1107660 0.02980 30391570
2022-07-21 1105896 1105896 0.03000 30332393
2022-07-22 1086997 1086997 0.03020 29702419
2022-07-23 1078551 1078551 0.03039 29422749
2022-07-24 1083610 1083610 0.03058 29589213
2022-07-25 1031983 1031983 0.03077 27900940
2022-07-26 1030098 1030098 0.03096 27839681
2022-07-27 1099393 1099393 0.03075 30077957
2022-07-28 1134988 1134988 0.03017 31235647
2022-07-29 1132310 1132310 0.03035 31146863
2022-07-30 1126716 1126716 0.03054 30962577
2022-07-31 1113838 1113838 0.03071 30540853
2022-08-01 1112245 1112245 0.03089 30488983
2022-08-02 1100864 1100864 0.03106 30120490
2022-08-03 1094128 1094128 0.03122 29903584
2022-08-04 1085107 1085107 0.03138 29614656
2022-08-05 1114334 1114334 0.03138 30545920
2022-08-06 1099141 1099141 0.03153 30061680
2022-08-07 1108679 1108679 0.03168 30364188
2022-08-08 1134984 1134984 0.03133 31194489
2022-08-09 1108033 1108033 0.03149 30334279
2022-08-10 1140986 1140986 0.03092 31380858
2022-08-11 1140783 1140783 0.03108 31374310
2022-08-12 1159019 1159019 0.03037 31960966
2022-08-13 1160968 1160968 0.03054 32025132
2022-08-14 1155528 1155528 0.03072 31847040
2022-08-15 1147081 1147081 0.03089 31572045
2022-08-16 1137253 1137253 0.03105 31253836
2022-08-17 1115825 1115825 0.03121 30563730
2022-08-18 1110143 1110143 0.03137 30381709
2022-08-19 1013185 1013185 0.03155 27291289
2022-08-20 1025784 1025784 0.03171 27690687
2022-08-21 1041066 1041066 0.03170 28172583
2022-08-22 1036791 1036791 0.03185 28037704
2022-08-23 1041338 1041338 0.03201 28180440
2022-08-24 1035134 1035134 0.03216 27986634
2022-08-25 1043514 1043514 0.03230 28247224
2022-08-26  987639  987639 0.03245 26517375
2022-08-27  978929  978929 0.03259 26248927
2022-08-28  958100  958100 0.03274 25609891
2022-08-29  990039  990039 0.03273 26585469
2022-08-30  969338  969338 0.03287 25952980
2022-08-31  979668  979668 0.03300 26267260
2022-09-01  982649  982649 0.03313 26357616
2022-09-02  975318  975318 0.03325 26136310
2022-09-03  970136  970136 0.03338 25980480
2022-09-04  977435  977435 0.03350 26199166
2022-09-05  968092  968092 0.03361 25920243
2022-09-06  923859  923859 0.03373 24604195
2022-09-07  945369  945369 0.03384 25241922
2022-09-08  947407  947407 0.03395 25302159
2022-09-09 1038497 1038497 0.03240 27985324
2022-09-10 1051266 1051266 0.03253 28379484
2022-09-11 1058211 1058211 0.03250 28592932
2022-09-12 1082302 1082302 0.03164 29334109
2022-09-13  990156  990156 0.03181 26421781
2022-09-14  992489  992489 0.03198 26495113
2022-09-15  969788  969788 0.03215 25785364
2022-09-16  974462  974462 0.03232 25930719
2022-09-17  987665  987665 0.03247 26339283
2022-09-18  958113  958113 0.03263 25429180
2022-09-19  963197  963197 0.03278 25585011
2022-09-20  934868  934868 0.03293 24720741
2022-09-21  917102  917102 0.03308 24181227
2022-09-22  957690  957690 0.03307 25408228
2022-09-23  952970  952970 0.03321 25265493
2022-09-24  936751  936751 0.03335 24777049
2022-09-25  931904  931904 0.03348 24631695
2022-09-26  950142  950142 0.03361 25176447
2022-09-27  943497  943497 0.03373 24978712
2022-09-28  958427  958427 0.03372 25421323
2022-09-29  966330  966330 0.03355 25655724
2022-09-30  958994  958994 0.03367 25437037
2022-10-01  954012  954012 0.03379 25289064
2022-10-02  942462  942462 0.03391 24947284
2022-10-03  968441  968441 0.03390 25713342
2022-10-04  999831  999831 0.03241 26639158
2022-10-05  992148  992148 0.03257 26402139
2022-10-06  983150  983150 0.03272 26125834
2022-10-07  965198  965198 0.03287 25577154
2022-10-08  960378  960378 0.03302 25430490
2022-10-09  961459  961459 0.03316 25463227
2022-10-10  947824  947824 0.03330 25052044
2022-10-11  944685  944685 0.03343 24957760
2022-10-12  948976  948976 0.03357 25086091
2022-10-13  958646  958646 0.03369 25374181
2022-10-14  949998  949998 0.03382 25117519
2022-10-15  944906  944906 0.03394 24966927
2022-10-16  953705  953705 0.03405 25226208
2022-10-17  966325  966325 0.03416 25596796
2022-10-18  956796  956796 0.03427 25317873
2022-10-19  947460  947460 0.03438 25045497
2022-10-20  943724  943724 0.03448 24936808
2022-10-21  949233  949233 0.03458 25096567
2022-10-22  951090  951090 0.03468 25150257
2022-10-23  967802  967802 0.03477 25632153
2022-10-24  956783  956783 0.03486 25315254
2022-10-25  991252  991252 0.03316 26303926
2022-10-26 1021124 1021124 0.03222 27204862
2022-10-27 1000911 1000911 0.03239 26577612
2022-10-28 1013762 1013762 0.03254 26974390
2022-10-29 1023223 1023223 0.03252 27265099
2022-10-30 1015004 1015004 0.03267 27012366
2022-10-31 1009443 1009443 0.03282 26842131
2022-11-01 1008669 1008669 0.03296 26818560
2022-11-02  994598  994598 0.03310 26391663
2022-11-03  996982  996982 0.03324 26463685
2022-11-04 1038073 1038073 0.03236 27699853
2022-11-05 1044344 1044344 0.03220 27893659
2022-11-06 1027730 1027730 0.03236 27377716
2022-11-07 1014297 1014297 0.03252 26962605
2022-11-08  927428  927428 0.03269 24291225
2022-11-09  813010  813010 0.03288 20790931
2022-11-10  885088  885088 0.03286 22983034
2022-11-11  861681  861681 0.03303 22270666
2022-11-12  852208  852208 0.03320 21983886
2022-11-13  831425  831425 0.03338 21357945
2022-11-14  843619  843619 0.03354 21723295
2022-11-15  856136  856136 0.03352 22096503
2022-11-16  846478  846478 0.03368 21808413
2022-11-17  847889  847889 0.03384 21850317
2022-11-18  847756  847756 0.03399 21846388
2022-11-19  848068  848068 0.03413 21855555
2022-11-20  828671  828671 0.03427 21287232
2022-11-21  806679  806679 0.03442 20645577
2022-11-22  826104  826104 0.03455 21209971
2022-11-23  844475  844475 0.03454 21741628
2022-11-24  843932  843932 0.03467 21725914
2022-11-25  840164  840164 0.03479 21617226
2022-11-26  837704  837704 0.03492 21546513
2022-11-27  836332  836332 0.03504 21507228
2022-11-28  826514  826514 0.03515 21226995
2022-11-29  836825  836825 0.03526 21520323
2022-11-30  870813  870813 0.03391 22484115
2022-12-01  862242  862242 0.03406 22231381
2022-12-02  867505  867505 0.03420 22385902
2022-12-03  858145  858145 0.03434 22112217
2022-12-04  868397  868397 0.03447 22410783
2022-12-05  861807  861807 0.03460 22219596
2022-12-06  867199  867199 0.03472 22375426
2022-12-07  855785  855785 0.03485 22046742
2022-12-08  873719  873719 0.03452 22561375
2022-12-09  869154  869154 0.03464 22429116
2022-12-10  869154  869154 0.03477 22429116
2022-12-11  867469  867469 0.03489 22380664
2022-12-12  872860  872860 0.03500 22535185
2022-12-13  898664  898664 0.03297 23272434
2022-12-14  900002  900002 0.03313 23313028
2022-12-15  880867  880867 0.03330 22735539
2022-12-16  862900  862900 0.03347 22196025
