2020-03-22 1000000 1000000 0.00394 7612319
2020-03-23 1003511 1003511 0.00736 8503251
2020-03-24 1006163 1006163 0.01055 8863534
2020-03-25 1005108 1005108 0.01367 8763462
2020-03-26 1006334 1006334 0.01667 8853162
2020-03-27  997936  997936 0.01976 8349411
2020-03-28  994755  994755 0.02281 8188408
2020-03-29  983339  983339 0.02596 7687943
2020-03-30 1001592 1001592 0.02876 8390974
2020-03-31 1002095 1002095 0.03148 8408482
2020-04-01 1011614 1011614 0.03402 8710885
2020-04-02 1018292 1018292 0.03643 8907205
2020-04-03 1015458 1015458 0.03878 8829395
2020-04-04 1022418 1022418 0.04102 9008849
2020-04-05 1016809 1016809 0.04323 8872124
2020-04-06 1049487 1049487 0.04520 9628007
2020-04-07 1040625 1040625 0.04716 9431974
2020-04-08 1050792 1050792 0.04901 9647557
2020-04-09 1046079 1046079 0.05083 9551401
2020-04-10 1018331 1018331 0.02612 9005470
2020-04-11 1018541 1018541 0.02612 9013524
2020-04-12 1019399 1019399 0.02299 9046340
2020-04-13 1018073 1018073 0.02299 8988696
2020-04-14 1018541 1018541 0.02299 9009032
2020-04-15 1010689 1010689 0.02580 8667580
2020-04-16 1027336 1027336 0.00759 9312731
2020-04-17 1026466 1026466 0.00759 9198176
2020-04-18 1028834 1028834 0.00759 9509929
2020-04-19 1027482 1027482 0.00759 9332020
2020-04-20 1024644 1024644 0.01080 8958289
2020-04-21 1024842 1024842 0.01390 8976596
2020-04-22 1029989 1029989 0.00759 9346936
2020-04-23 1033438 1033438 0.00564 9801057
2020-04-24 1033593 1033593 0.00564 9828491
2020-04-25 1033904 1033904 0.00383 9883529
2020-04-26 1034676 1034676 -0.00000 10085415
2020-04-27 1034676 1034676 -0.00000 10196303
2020-04-28 1034676 1034676 -0.00000 10171921
2020-04-29 1034676 1034676 -0.00000 11510924
2020-04-30 1034676 1034676 -0.00000 11297475
2020-05-01 1034676 1034676 -0.00000 11566080
2020-05-02 1034676 1034676 -0.00000 11764273
2020-05-03 1034676 1034676 -0.00000 11675475
2020-05-04 1034676 1034676 -0.00000 11632118
2020-05-05 1034676 1034676 -0.00000 11831136
2020-05-06 1034676 1034676 -0.00000 11987582
2020-05-07 1034676 1034676 -0.00000 13095000
2020-05-08 1034676 1034676 -0.00000 12834867
2020-05-09 1034676 1034676 -0.00000 12501220
2020-05-10 1034676 1034676 -0.00000 11433467
2020-05-11 1034676 1034676 -0.00000 11225007
2020-05-12 1034676 1034676 -0.00000 11556939
2020-05-13 1034676 1034676 -0.00000 12198647
2020-05-14 1034676 1034676 -0.00000 12824588
2020-05-15 1034676 1034676 -0.00000 12186481
2020-05-16 1034676 1034676 -0.00000 12294987
2020-05-17 1034676 1034676 -0.00000 12657234
2020-05-18 1034676 1034676 -0.00000 12730841
2020-05-19 1034676 1034676 -0.00000 12816927
2020-05-20 1034676 1034676 -0.00000 12461869
2020-05-21 1034676 1034676 0.00262 11867304
2020-05-22 1035051 1035051 0.00512 12010681
2020-05-23 1035128 1035128 0.00755 12025740
2020-05-24 1030533 1030533 0.01003 11417229
2020-05-25 1032961 1032961 0.01239 11659211
2020-05-26 1031944 1031944 0.01469 11577171
2020-05-27 1039045 1039045 0.01684 12060495
2020-05-28 1047145 1047145 -0.00000 12541579
2020-05-29 1047145 1047145 -0.00000 12336851
2020-05-30 1047145 1047145 -0.00000 12708828
2020-05-31 1047145 1047145 -0.00000 12369785
2020-06-01 1047145 1047145 -0.00000 13361666
2020-06-02 1047145 1047145 -0.00000 12473943
2020-06-03 1047145 1047145 -0.00000 12661542
2020-06-04 1047145 1047145 -0.00000 12822519
2020-06-05 1047145 1047145 -0.00000 12597376
2020-06-06 1047145 1047145 -0.00000 12662668
2020-06-07 1047145 1047145 -0.00000 12767677
2020-06-08 1047145 1047145 -0.00000 12810838
2020-06-09 1047145 1047145 -0.00000 12802771
2020-06-10 1047145 1047145 -0.00000 12956612
2020-06-11 1047145 1047145 0.00259 12131548
2020-06-12 1047819 1047819 0.00505 12391890
2020-06-13 1047887 1047887 0.00743 12405495
2020-06-14 1046491 1046491 0.00978 12217621
2020-06-15 1047838 1047838 0.01203 12355328
2020-06-16 1049337 1049337 0.01419 12479927
2020-06-17 1048054 1048054 0.01630 12389559
2020-06-18 1046207 1046207 0.01837 12276274
2020-06-19 1044512 1044512 0.02039 12184007
2020-06-20 1045878 1045878 0.02234 12250974
2020-06-21 1043759 1043759 0.02425 12156127
2020-06-22 1056462 1056462 0.01137 12680045
2020-06-23 1055564 1055564 0.01137 12601069
2020-06-24 1050552 1050552 0.01362 12160095
2020-06-25 1049721 1049721 0.01581 12099099
2020-06-26 1048040 1048040 0.01796 11992741
2020-06-27 1044537 1044537 0.02008 11797678
2020-06-28 1047395 1047395 0.02211 11940034
2020-06-29 1049446 1049446 0.02406 12032838
2020-06-30 1047684 1047684 0.02596 11959611
2020-07-01 1051099 1051099 0.02779 12091111
2020-07-02 1045986 1045986 0.02960 11907178
2020-07-03 1044830 1044830 0.03135 11868103
2020-07-04 1047927 1047927 0.03304 11966891
2020-07-05 1045258 1045258 0.03468 11886095
2020-07-06 1057584 1057584 0.03081 12241494
2020-07-07 1053910 1053910 0.03081 12122251
2020-07-08 1061172 1061172 0.01959 12357961
2020-07-09 1055983 1055983 0.02163 12093101
2020-07-10 1057360 1057360 0.02163 12156782
2020-07-11 1056079 1056079 0.02360 12097553
2020-07-12 1058176 1058176 0.02360 12186429
2020-07-13 1055919 1055919 0.02360 12090744
2020-07-14 1056490 1056490 0.02360 12114957
2020-07-15 1054589 1054589 0.02552 12034396
2020-07-16 1052678 1052678 0.02739 11959493
2020-07-17 1053525 1053525 0.02921 11990436
2020-07-18 1054326 1054326 0.03096 12017844
2020-07-19 1055727 1055727 0.03096 12063100
2020-07-20 1053718 1053718 0.03267 11998202
2020-07-21 1063506 1063506 0.03267 12297841
2020-07-22 1069848 1069848 0.01362 12491988
2020-07-23 1071234 1071234 0.01137 12593723
2020-07-24 1070202 1070202 0.01137 12502988
2020-07-25 1072630 1072630 0.01137 12716528
2020-07-26 1076107 1076107 -0.00000 13022519
2020-07-27 1076107 1076107 -0.00000 14464985
2020-07-28 1076107 1076107 -0.00000 14324974
2020-07-29 1076107 1076107 -0.00000 14550077
2020-07-30 1076107 1076107 -0.00000 14551321
2020-07-31 1076107 1076107 -0.00000 14871651
2020-08-01 1076107 1076107 -0.00000 15475003
2020-08-02 1076107 1076107 -0.00000 14498338
2020-08-03 1076107 1076107 -0.00000 14714052
2020-08-04 1076107 1076107 -0.00000 14656473
2020-08-05 1076107 1076107 -0.00000 15393486
2020-08-06 1076107 1076107 -0.00000 15412919
2020-08-07 1076107 1076107 -0.00000 15191313
2020-08-08 1076107 1076107 -0.00000 15421850
2020-08-09 1076107 1076107 -0.00000 15298927
2020-08-10 1076107 1076107 -0.00000 15576659
2020-08-11 1076107 1076107 -0.00000 14918662
2020-08-12 1076107 1076107 -0.00000 15144825
2020-08-13 1076107 1076107 -0.00000 15443273
2020-08-14 1076107 1076107 -0.00000 15425608
2020-08-15 1076107 1076107 -0.00000 15520455
2020-08-16 1076107 1076107 -0.00000 15601409
2020-08-17 1076107 1076107 -0.00000 16104728
2020-08-18 1076107 1076107 -0.00000 15659131
2020-08-19 1076107 1076107 -0.00000 15396511
2020-08-20 1076107 1076107 -0.00000 15529845
2020-08-21 1076107 1076107 0.00214 15100813
2020-08-22 1076488 1076488 0.00419 15278853
2020-08-23 1076362 1076362 0.00618 15248669
2020-08-24 1077310 1077310 0.00809 15402077
2020-08-25 1072722 1072722 0.01002 14835168
2020-08-26 1074564 1074564 0.01186 15019048
2020-08-27 1072400 1072400 0.01368 14836635
2020-08-28 1076100 1076100 0.01540 15107151
2020-08-29 1074791 1074791 0.01709 15022204
2020-08-30 1080101 1080101 0.01335 15332896
2020-08-31 1079157 1079157 0.01507 15262222
2020-09-01 1084465 1084465 0.00768 15614425
2020-09-02 1079183 1079183 0.00961 14926257
2020-09-03 1063591 1063591 0.01172 13304520
2020-09-04 1068141 1068141 0.01371 13692551
2020-09-05 1062949 1062949 0.01570 13313935
2020-09-06 1064860 1064860 0.01760 13435692
2020-09-07 1067556 1067556 0.01943 13588864
2020-09-08 1061114 1061114 0.02125 13257325
2020-09-09 1064143 1064143 0.02299 13399851
2020-09-10 1067449 1067449 0.02467 13543621
2020-09-11 1069078 1069078 0.02629 13609685
2020-09-12 1070809 1070809 0.02785 13675540
2020-09-13 1066851 1066851 0.02938 13533394
2020-09-14 1079944 1079944 0.03081 13979108
2020-09-15 1084330 1084330 0.03219 14121425
2020-09-16 1091399 1091399 0.01243 14341041
2020-09-17 1091219 1091219 0.01243 14326545
2020-09-18 1091068 1091068 0.01243 14314406
2020-09-19 1093445 1093445 0.01099 14505619
2020-09-20 1091232 1091232 0.01099 14304323
2020-09-21 1083858 1083858 0.01305 13633584
2020-09-22 1085961 1085961 0.01305 13794678
2020-09-23 1080819 1080819 0.01508 13400663
2020-09-24 1090900 1090900 0.01099 14069294
2020-09-25 1090120 1090120 0.01099 13998306
2020-09-26 1090685 1090685 0.01099 14049743
2020-09-27 1091427 1091427 0.01099 14117274
2020-09-28 1090115 1090115 0.01099 13997874
2020-09-29 1092230 1092230 0.01099 14190291
2020-09-30 1091392 1091392 0.01099 14114079
2020-10-01 1089154 1089154 0.01301 13910438
2020-10-02 1088401 1088401 0.01498 13852598
2020-10-03 1087913 1087913 0.01689 13820017
2020-10-04 1090478 1090478 0.01873 13971880
2020-10-05 1093552 1093552 0.01873 14136052
2020-10-06 1088926 1088926 0.02052 13888989
2020-10-07 1090613 1090613 0.02224 13971238
2020-10-08 1098072 1098072 0.01657 14306549
2020-10-09 1100823 1100823 0.01099 14472594
2020-10-10 1104411 1104411 0.00961 14798921
2020-10-11 1105314 1105314 0.00961 14892851
2020-10-12 1107367 1107367 0.00961 15106365
2020-10-13 1106007 1106007 0.00961 14964939
2020-10-14 1106018 1106018 0.00961 14966065
2020-10-15 1107054 1107054 0.00961 15073798
2020-10-16 1104671 1104671 0.00961 14825975
2020-10-17 1105224 1105224 0.00961 14883515
2020-10-18 1107165 1107165 0.00961 15085400
2020-10-19 1110239 1110239 0.00768 15405141
2020-10-20 1111817 1111817 0.00768 15610693
2020-10-21 1120677 1120677 -0.00000 16765096
2020-10-22 1120677 1120677 -0.00000 17001578
2020-10-23 1120677 1120677 -0.00000 16947012
2020-10-24 1120677 1120677 -0.00000 17184214
2020-10-25 1120677 1120677 -0.00000 17074688
2020-10-26 1120677 1120677 -0.00000 17110882
2020-10-27 1120677 1120677 -0.00000 17871925
2020-10-28 1120677 1120677 -0.00000 17383258
2020-10-29 1120677 1120677 -0.00000 17636922
2020-10-30 1120677 1120677 -0.00000 17759609
2020-10-31 1120677 1120677 -0.00000 18092156
2020-11-01 1120677 1120677 -0.00000 18021339
2020-11-02 1120677 1120677 -0.00000 17761691
2020-11-03 1120677 1120677 -0.00000 18387449
2020-11-04 1120677 1120677 -0.00000 18543292
2020-11-05 1120677 1120677 -0.00000 20434799
2020-11-06 1120677 1120677 -0.00000 20425698
2020-11-07 1120677 1120677 -0.00000 19431631
2020-11-08 1120677 1120677 -0.00000 20283041
2020-11-09 1120677 1120677 -0.00000 20077306
2020-11-10 1120677 1120677 -0.00000 20053224
2020-11-11 1120677 1120677 -0.00000 20569481
2020-11-12 1120677 1120677 -0.00000 21344850
2020-11-13 1120677 1120677 -0.00000 21391442
2020-11-14 1120677 1120677 -0.00000 21065062
2020-11-15 1120677 1120677 -0.00000 20919904
2020-11-16 1120677 1120677 -0.00000 21900889
2020-11-17 1120677 1120677 -0.00000 23152784
2020-11-18 1120677 1120677 -0.00000 23290701
2020-11-19 1120677 1120677 -0.00000 23342452
2020-11-20 1120677 1120677 -0.00000 24471477
2020-11-21 1120677 1120677 -0.00000 24520387
2020-11-22 1120677 1120677 -0.00000 24140894
2020-11-23 1120677 1120677 -0.00000 24072996
2020-11-24 1120677 1120677 -0.00000 25091133
2020-11-25 1120677 1120677 -0.00000 24530117
2020-11-26 1120677 1120677 -0.00000 22471137
2020-11-27 1120677 1120677 -0.00000 22463673
2020-11-28 1120677 1120677 -0.00000 23232874
2020-11-29 1120677 1120677 -0.00000 23822463
2020-11-30 1120677 1120677 -0.00000 25797398
2020-12-01 1120677 1120677 -0.00000 24581187
2020-12-02 1120677 1120677 -0.00000 25177167
2020-12-03 1120677 1120677 -0.00000 25467679
2020-12-04 1120677 1120677 -0.00000 24453288
2020-12-05 1120677 1120677 -0.00000 25092848
2020-12-06 1120677 1120677 -0.00000 25378869
2020-12-07 1120677 1120677 -0.00000 25107698
2020-12-08 1120677 1120677 0.00140 23985365
2020-12-09 1121118 1121118 0.00274 24299920
2020-12-10 1120017 1120017 0.00407 23898767
2020-12-11 1118897 1118897 0.00537 23623406
2020-12-12 1124348 1124348 0.00274 24639067
2020-12-13 1125594 1125594 -0.00000 25093110
2020-12-14 1125594 1125594 -0.00000 25239735
2020-12-15 1125594 1125594 -0.00000 25449962
2020-12-16 1125594 1125594 -0.00000 27978384
2020-12-17 1125594 1125594 -0.00000 29875247
2020-12-18 1125594 1125594 -0.00000 30296775
2020-12-19 1125594 1125594 -0.00000 31222395
2020-12-20 1125594 1125594 -0.00000 30735078
2020-12-21 1125594 1125594 -0.00000 29767567
2020-12-22 1125594 1125594 -0.00000 31212063
2020-12-23 1125594 1125594 -0.00000 30442876
2020-12-24 1125594 1125594 -0.00000 31069563
2020-12-25 1125594 1125594 -0.00000 32351393
2020-12-26 1125594 1125594 -0.00000 34657593
2020-12-27 1125594 1125594 -0.00000 34386946
2020-12-28 1125594 1125594 -0.00000 35406143
2020-12-29 1125594 1125594 -0.00000 35841015
2020-12-30 1125594 1125594 -0.00000 37820062
2020-12-31 1125594 1125594 -0.00000 37966058
2021-01-01 1125594 1125594 -0.00000 38502757
2021-01-02 1125594 1125594 -0.00000 42187546
2021-01-03 1125594 1125594 -0.00000 43341608
2021-01-04 1125594 1125594 -0.00000 41911699
2021-01-05 1125594 1125594 -0.00000 44574135
2021-01-06 1125594 1125594 -0.00000 48254996
2021-01-07 1125594 1125594 -0.00000 51738986
2021-01-08 1125594 1125594 -0.00000 53253528
2021-01-09 1125594 1125594 -0.00000 52693049
2021-01-10 1125594 1125594 -0.00000 49988499
2021-01-11 1125594 1125594 -0.00000 46429082
2021-01-12 1125594 1125594 -0.00000 44568858
2021-01-13 1125594 1125594 -0.00000 48966775
2021-01-14 1125594 1125594 -0.00000 51246431
2021-01-15 1125594 1125594 -0.00000 48132728
2021-01-16 1125594 1125594 -0.00000 47142000
2021-01-17 1125594 1125594 -0.00000 46905307
2021-01-18 1125594 1125594 -0.00000 47949896
2021-01-19 1125594 1125594 -0.00000 47034123
2021-01-20 1125594 1125594 0.00073 46483203
2021-01-21 1121143 1121143 0.00154 40356406
2021-01-22 1125521 1125521 0.00227 43203102
2021-01-23 1122917 1122917 0.00301 42057853
2021-01-24 1123592 1123592 0.00371 42282222
2021-01-25 1123458 1123458 0.00440 42246067
2021-01-26 1124860 1124860 0.00506 42564682
2021-01-27 1111076 1111076 0.00575 39841039
2021-01-28 1134100 1134100 0.00635 43848437
2021-01-29 1140459 1140459 0.00692 44849903
2021-01-30 1141123 1141123 0.00748 44945968
2021-01-31 1129557 1129557 0.00803 43398637
2021-02-01 1133673 1133673 0.00857 43911123
2021-02-02 1155987 1155987 0.00073 46516268
2021-02-03 1158051 1158051 -0.00000 49357189
2021-02-04 1158051 1158051 -0.00000 48446681
2021-02-05 1158051 1158051 -0.00000 50180040
2021-02-06 1158051 1158051 -0.00000 51439909
2021-02-07 1158051 1158051 -0.00000 50885061
2021-02-08 1158051 1158051 -0.00000 60782341
2021-02-09 1158051 1158051 -0.00000 60898559
2021-02-10 1158051 1158051 -0.00000 58737137
2021-02-11 1158051 1158051 -0.00000 62831748
2021-02-12 1158051 1158051 -0.00000 62064852
2021-02-13 1158051 1158051 -0.00000 61845694
2021-02-14 1158051 1158051 -0.00000 63723543
2021-02-15 1158051 1158051 -0.00000 62780795
2021-02-16 1158051 1158051 -0.00000 64383571
2021-02-17 1158051 1158051 -0.00000 68322219
2021-02-18 1158051 1158051 -0.00000 67543407
2021-02-19 1158051 1158051 -0.00000 73317045
2021-02-20 1158051 1158051 -0.00000 73248244
2021-02-21 1158051 1158051 -0.00000 75286965
2021-02-22 1158051 1158051 -0.00000 70940394
2021-02-23 1158051 1158051 -0.00000 64018744
2021-02-24 1158051 1158051 -0.00000 65152863
2021-02-25 1158051 1158051 0.00056 61662495
2021-02-26 1157480 1157480 0.00112 60649269
2021-02-27 1157180 1157180 0.00166 60381018
2021-02-28 1155290 1155290 0.00220 59243037
2021-03-01 1167908 1167908 0.00267 64989607
2021-03-02 1164018 1164018 0.00314 63532160
2021-03-03 1171676 1171676 0.00047 65972190
2021-03-04 1170425 1170425 0.00101 63328074
2021-03-05 1170927 1170927 0.00153 63823995
2021-03-06 1171259 1171259 0.00204 64040612
2021-03-07 1176759 1176759 0.00047 66741679
2021-03-08 1177664 1177664 0.00000 68654204
2021-03-09 1177664 1177664 0.00000 71929551
2021-03-10 1177664 1177664 0.00000 73138573
2021-03-11 1177664 1177664 0.00000 75652551
2021-03-12 1177664 1177664 0.00000 74996426
2021-03-13 1177664 1177664 0.00000 80095816
2021-03-14 1177664 1177664 0.00000 77281962
2021-03-15 1177664 1177664 0.00000 72866302
2021-03-16 1177664 1177664 0.00000 74521471
2021-03-17 1177664 1177664 0.00000 77131907
2021-03-18 1177664 1177664 0.00000 75490121
2021-03-19 1177664 1177664 0.00000 76045284
2021-03-20 1177664 1177664 0.00000 76132221
2021-03-21 1177664 1177664 0.00000 75141454
2021-03-22 1177664 1177664 0.00050 70805869
2021-03-23 1177854 1177854 0.00098 71186475
2021-03-24 1175191 1175191 0.00147 68470507
2021-03-25 1173346 1173346 0.00195 67211541
2021-03-26 1182914 1182914 0.00238 72129054
2021-03-27 1185275 1185275 0.00279 73121720
2021-03-28 1185098 1185098 0.00320 73058209
2021-03-29 1192672 1192672 0.00000 75427330
2021-03-30 1192672 1192672 0.00000 76946992
2021-03-31 1192672 1192672 0.00000 76975788
2021-04-01 1192672 1192672 0.00000 76905010
2021-04-02 1192672 1192672 0.00000 77265214
2021-04-03 1192672 1192672 0.00000 74725857
2021-04-04 1192672 1192672 0.00000 76228849
2021-04-05 1192672 1192672 0.00000 77424187
2021-04-06 1192672 1192672 0.00000 75974963
2021-04-07 1192672 1192672 0.00049 73244040
2021-04-08 1194056 1194056 0.00000 76077497
2021-04-09 1194056 1194056 0.00000 76094468
2021-04-10 1194056 1194056 0.00000 78264794
2021-04-11 1194056 1194056 0.00000 78542840
2021-04-12 1194056 1194056 0.00000 78349558
2021-04-13 1194056 1194056 0.00000 83237686
2021-04-14 1194056 1194056 0.00000 82480284
2021-04-15 1194056 1194056 0.00000 82811719
2021-04-16 1194056 1194056 0.00000 80450756
2021-04-17 1194056 1194056 0.00000 78612283
2021-04-18 1194056 1194056 0.00049 73699445
2021-04-19 1193683 1193683 0.00096 72932013
2021-04-20 1194702 1194702 0.00142 73990927
2021-04-21 1189694 1189694 0.00188 70459271
2021-04-22 1184464 1184464 0.00235 67680132
2021-04-23 1182903 1182903 0.00281 67015823
2021-04-24 1179011 1179011 0.00326 65630751
2021-04-25 1174777 1174777 0.00371 64333679
2021-04-26 1198828 1198828 0.00411 70809130
2021-04-27 1204307 1204307 0.00449 72142175
2021-04-28 1203194 1203194 0.00486 71894129
2021-04-29 1194877 1194877 0.00522 70181303
2021-04-30 1223463 1223463 0.00094 75656716
2021-05-01 1223557 1223557 0.00094 75757076
2021-05-02 1222041 1222041 0.00094 74147373
2021-05-03 1222781 1222781 0.00094 74932693
2021-05-04 1217867 1217867 0.00144 69713641
2021-05-05 1225910 1225910 0.00094 75309253
2021-05-06 1224600 1224600 0.00094 73917857
2021-05-07 1225752 1225752 0.00094 75141375
2021-05-08 1227728 1227728 0.00000 77240530
2021-05-09 1227728 1227728 0.00000 76350711
2021-05-10 1227728 1227728 0.00000 73175802
2021-05-11 1227728 1227728 0.00000 74332065
2021-05-12 1227728 1227728 0.00057 64671700
2021-05-13 1227958 1227958 0.00112 65075550
2021-05-14 1228230 1228230 0.00165 65318423
2021-05-15 1221381 1221381 0.00220 61165291
2021-05-16 1220621 1220621 0.00273 60819400
2021-05-17 1210409 1210409 0.00329 57085544
2021-05-18 1207327 1207327 0.00384 56148413
2021-05-19 1176705 1176705 0.00445 48163973
2021-05-20 1199217 1199217 0.00500 53219258
2021-05-21 1177592 1177592 0.00557 48890392
2021-05-22 1178798 1178798 0.00612 49106957
2021-05-23 1156403 1156403 0.00670 45448541
2021-05-24 1192671 1192671 0.00720 50860796
2021-05-25 1188500 1188500 0.00770 50281814
2021-05-26 1197690 1197690 0.00816 51475868
2021-05-27 1189073 1189073 0.00863 50420293
2021-05-28 1157320 1157320 0.00911 46739276
2021-05-29 1144669 1144669 0.00959 45350708
2021-05-30 1157806 1157806 0.01005 46719974
2021-05-31 1179701 1179701 0.01047 48898576
2021-06-01 1170813 1170813 0.01089 48049876
2021-06-02 1183590 1183590 0.01128 49223266
2021-06-03 1207683 1207683 0.00630 51358432
2021-06-04 1188431 1188431 0.00685 48303945
2021-06-05 1176271 1176271 0.00740 46529337
2021-06-06 1178954 1178954 0.00794 46891689
2021-06-07 1155817 1155817 0.00849 43976440
2021-06-08 1153917 1153917 0.00902 43752608
2021-06-09 1201045 1201045 0.00685 48975300
2021-06-10 1194832 1194832 0.00685 48068523
2021-06-11 1200517 1200517 0.00685 48898183
2021-06-12 1184381 1184381 0.00741 46543244
2021-06-13 1218060 1218060 0.00630 51088518
2021-06-14 1230598 1230598 0.00438 53077688
2021-06-15 1228527 1228527 0.00438 52604539
2021-06-16 1218108 1218108 0.00438 50224549
2021-06-17 1216638 1216638 0.00438 49888911
2021-06-18 1203696 1203696 0.00502 46932480
2021-06-19 1201509 1201509 0.00564 46496495
2021-06-20 1202120 1202120 0.00625 46604803
2021-06-21 1169771 1169771 0.00690 41424932
2021-06-22 1178009 1178009 0.00753 42618017
2021-06-23 1188921 1188921 0.00811 44067660
2021-06-24 1199510 1199510 0.00866 45373284
2021-06-25 1164903 1164903 0.00925 41377253
2021-06-26 1173034 1173034 0.00980 42256753
2021-06-27 1204222 1204222 0.01030 45438995
2021-06-28 1201357 1201357 0.01079 45160870
2021-06-29 1221434 1221434 0.00625 47021434
2021-06-30 1214313 1214313 0.00685 45881252
2021-07-01 1201097 1201097 0.00747 43952332
2021-07-02 1203515 1203515 0.00806 44276237
2021-07-03 1212766 1212766 0.00862 45424328
2021-07-04 1219546 1219546 0.00741 46211220
2021-07-05 1204164 1204164 0.00801 44135662
2021-07-06 1209825 1209825 0.00858 44842635
2021-07-07 1205764 1205764 0.00913 44369094
2021-07-08 1193998 1193998 0.00969 43080965
2021-07-09 1205771 1205771 0.01022 44295710
2021-07-10 1201638 1201638 0.01073 43891297
2021-07-11 1212051 1212051 0.01017 44861545
2021-07-12 1196682 1196682 0.01070 43350997
2021-07-13 1191400 1191400 0.01121 42857316
2021-07-14 1192803 1192803 0.01171 42982438
2021-07-15 1177857 1177857 0.01220 41705807
2021-07-16 1170499 1170499 0.01269 41102808
2021-07-17 1172851 1172851 0.01316 41288115
2021-07-18 1177108 1177108 0.01362 41611523
2021-07-19 1160215 1160215 0.01407 40370955
2021-07-20 1141003 1141003 0.01453 39005526
2021-07-21 1185739 1185739 0.01494 42085300
2021-07-22 1188916 1188916 0.01533 42298002
2021-07-23 1216686 1216686 0.01171 44109420
2021-07-24 1226154 1226154 0.01017 44918180
2021-07-25 1241164 1241164 0.00741 46393332
2021-07-26 1259243 1259243 0.00438 48832878
2021-07-27 1271764 1271764 0.00438 51693049
2021-07-28 1274980 1274980 0.00438 52427561
2021-07-29 1274986 1274986 0.00438 52429119
2021-07-30 1287583 1287583 0.00384 55306588
2021-07-31 1283843 1283843 0.00384 54331325
2021-08-01 1275550 1275550 0.00384 52169170
2021-08-02 1272168 1272168 0.00384 51287287
2021-08-03 1267204 1267204 0.00384 49992873
2021-08-04 1275059 1275059 0.00384 52040996
2021-08-05 1280852 1280852 0.00384 53551570
2021-08-06 1290705 1290705 0.00384 56120704
2021-08-07 1299526 1299526 0.00329 58420644
2021-08-08 1296277 1296277 0.00329 57432600
2021-08-09 1306761 1306761 0.00273 60620539
2021-08-10 1304315 1304315 0.00273 59725902
2021-08-11 1304065 1304065 0.00273 59634433
2021-08-12 1300142 1300142 0.00273 58200007
2021-08-13 1312376 1312376 0.00220 62673429
2021-08-14 1310243 1310243 0.00220 61703286
2021-08-15 1309979 1309979 0.00220 61583558
2021-08-16 1306819 1306819 0.00220 60146002
2021-08-17 1303260 1303260 0.00220 58527251
2021-08-18 1303337 1303337 0.00220 58562319
2021-08-19 1309219 1309219 0.00220 61237850
2021-08-20 1316681 1316681 0.00165 64631682
2021-08-21 1315663 1315663 0.00165 64014043
2021-08-22 1316564 1316564 0.00165 64560785
2021-08-23 1317125 1317125 0.00165 64900614
2021-08-24 1313173 1313173 0.00165 62504176
2021-08-25 1315938 1315938 0.00165 64180886
2021-08-26 1311283 1311283 0.00165 61358311
2021-08-27 1316129 1316129 0.00165 64297091
2021-08-28 1315773 1315773 0.00165 64080853
2021-08-29 1315499 1315499 0.00165 63915018
2021-08-30 1311601 1311601 0.00224 61551004
2021-08-31 1312048 1312048 0.00281 61750899
2021-09-01 1318292 1318292 0.00165 63973645
2021-09-02 1319202 1319202 0.00165 64525337
2021-09-03 1320822 1320822 0.00165 65507789
2021-09-04 1320646 1320646 0.00165 65400568
2021-09-05 1324675 1324675 -0.00000 67844252
2021-09-06 1324675 1324675 -0.00000 69021387
2021-09-07 1324675 1324675 0.00065 61372100
2021-09-08 1324018 1324018 0.00129 60357395
2021-09-09 1324525 1324525 0.00190 60751384
2021-09-10 1320701 1320701 0.00252 58740739
2021-09-11 1321755 1321755 0.00311 59158836
2021-09-12 1325255 1325255 0.00368 60282832
2021-09-13 1320143 1320143 0.00424 58893898
2021-09-14 1331969 1331969 0.00476 61681614
2021-09-15 1338503 1338503 0.00117 63053655
2021-09-16 1337906 1337906 0.00177 62542558
2021-09-17 1336848 1336848 0.00237 61946133
2021-09-18 1340017 1340017 0.00172 63283866
2021-09-19 1337579 1337579 0.00232 61867654
2021-09-20 1324800 1324800 0.00295 56355628
2021-09-21 1315363 1315363 0.00361 53161169
2021-09-22 1329503 1329503 0.00420 57080489
2021-09-23 1336727 1336727 0.00475 58801133
2021-09-24 1323933 1323933 0.00532 56110110
2021-09-25 1323053 1323053 0.00587 55944707
2021-09-26 1326762 1326762 0.00640 56576593
2021-09-27 1318260 1318260 0.00692 55247556
2021-09-28 1307921 1307921 0.00744 53753665
2021-09-29 1312735 1312735 0.00794 54400427
2021-09-30 1336572 1336572 0.00840 57401186
2021-10-01 1384306 1384306 0.00232 63081050
2021-10-02 1382830 1382830 0.00232 62444555
2021-10-03 1384501 1384501 0.00232 63164950
2021-10-04 1387555 1387555 -0.00000 64482582
2021-10-05 1387555 1387555 -0.00000 67440808
2021-10-06 1387555 1387555 -0.00000 72475312
2021-10-07 1387555 1387555 -0.00000 70434862
2021-10-08 1387555 1387555 -0.00000 70656966
2021-10-09 1387555 1387555 -0.00000 71992276
2021-10-10 1387555 1387555 -0.00000 71649227
2021-10-11 1387555 1387555 -0.00000 75276869
2021-10-12 1387555 1387555 -0.00000 73326094
2021-10-13 1387555 1387555 -0.00000 75131973
2021-10-14 1387555 1387555 -0.00000 75128084
2021-10-15 1387555 1387555 -0.00000 80740299
2021-10-16 1387555 1387555 -0.00000 79709605
2021-10-17 1387555 1387555 -0.00000 80585281
2021-10-18 1387555 1387555 -0.00000 81234374
2021-10-19 1387555 1387555 -0.00000 84124388
2021-10-20 1387555 1387555 -0.00000 86414310
2021-10-21 1387555 1387555 -0.00000 81476356
2021-10-22 1387555 1387555 -0.00000 79490159
2021-10-23 1387555 1387555 -0.00000 80323106
2021-10-24 1387555 1387555 -0.00000 79761854
2021-10-25 1387555 1387555 -0.00000 82631322
2021-10-26 1387555 1387555 -0.00000 78999804
2021-10-27 1387555 1387555 0.00054 76561096
2021-10-28 1389070 1389070 -0.00000 79346219
2021-10-29 1389070 1389070 -0.00000 81583932
2021-10-30 1389070 1389070 -0.00000 81100346
2021-10-31 1389070 1389070 -0.00000 80350186
2021-11-01 1389070 1389070 0.00052 79778472
2021-11-02 1390668 1390668 -0.00000 82838970
2021-11-03 1390668 1390668 -0.00000 82407777
2021-11-04 1390668 1390668 0.00052 80478268
2021-11-05 1390380 1390380 0.00102 79921286
2021-11-06 1391065 1391065 0.00151 80589825
2021-11-07 1394544 1394544 0.00101 82891350
2021-11-08 1400152 1400152 -0.00000 88468510
2021-11-09 1400152 1400152 -0.00000 87665420
2021-11-10 1400152 1400152 -0.00000 85014612
2021-11-11 1400152 1400152 -0.00000 84883531
2021-11-12 1400152 1400152 -0.00000 84015437
2021-11-13 1400152 1400152 -0.00000 84354742
2021-11-14 1400152 1400152 -0.00000 85785174
2021-11-15 1400152 1400152 -0.00000 83292174
2021-11-16 1400152 1400152 0.00053 78756354
2021-11-17 1400314 1400314 0.00105 79059294
2021-11-18 1395567 1395567 0.00158 74533675
2021-11-19 1398071 1398071 0.00208 76119336
2021-11-20 1402544 1402544 0.00256 78266903
2021-11-21 1398893 1398893 0.00303 76839456
2021-11-22 1389441 1389441 0.00350 73717137
2021-11-23 1395337 1395337 0.00395 75400996
2021-11-24 1393294 1393294 0.00439 74883836
2021-11-25 1403674 1403674 0.00480 77247588
2021-11-26 1370951 1370951 0.00524 70437153
2021-11-27 1377718 1377718 0.00566 71727417
2021-11-28 1396733 1396733 0.00605 75084831
2021-11-29 1400747 1400747 0.00642 75748184
2021-11-30 1393419 1393419 0.00679 74607610
2021-12-01 1395887 1395887 0.00715 74970957
2021-12-02 1389301 1389301 0.00750 74049553
2021-12-03 1361776 1361776 0.00785 70377362
2021-12-04 1315420 1315420 0.00823 64473193
2021-12-05 1317879 1317879 0.00859 64772086
2021-12-06 1330162 1330162 0.00894 66201772
2021-12-07 1331009 1331009 0.00927 66296475
2021-12-08 1329989 1329989 0.00960 66186451
2021-12-09 1292919 1292919 0.00993 62323190
2021-12-10 1287059 1287059 0.01026 61732998
2021-12-11 1317390 1317390 0.01056 64690007
2021-12-12 1327400 1327400 0.01085 65637875
2021-12-13 1279099 1279099 0.01115 61186413
2021-12-14 1303414 1303414 0.01143 63366652
2021-12-15 1310704 1310704 0.01171 64004221
2021-12-16 1292104 1292104 0.01198 62415248
2021-12-17 1269325 1269325 0.01225 60513199
2021-12-18 1280084 1280084 0.01250 61391808
2021-12-19 1277183 1277183 0.01276 61159765
2021-12-20 1280696 1280696 0.01300 61435192
2021-12-21 1314991 1314991 0.01322 64073651
2021-12-22 1309608 1309608 0.01344 63666567
2021-12-23 1348885 1348885 0.00981 66588075
2021-12-24 1348776 1348776 0.00981 66576918
2021-12-25 1343646 1343646 0.00981 66054087
2021-12-26 1348130 1348130 0.00981 66511089
2021-12-27 1347191 1347191 0.00981 66415365
2021-12-28 1306398 1306398 0.01015 62257951
2021-12-29 1292314 1292314 0.01048 60869959
2021-12-30 1301472 1301472 0.01080 61743854
2021-12-31 1288233 1288233 0.01111 60517717
2022-01-01 1310978 1310978 0.01141 62564531
2022-01-02 1304596 1304596 0.01170 62005113
2022-01-03 1290653 1290653 0.01198 60813035
2022-01-04 1280927 1280927 0.01226 60001290
2022-01-05 1242639 1242639 0.01255 56879180
2022-01-06 1237081 1237081 0.01283 56436307
2022-01-07 1210835 1210835 0.01311 54390946
2022-01-08 1213499 1213499 0.01339 54594063
2022-01-09 1216743 1216743 0.01365 54836373
2022-01-10 1216200 1216200 0.01391 54796577
2022-01-11 1232420 1232420 0.01415 55962792
2022-01-12 1254612 1254612 0.01438 57530918
2022-01-13 1228970 1228970 0.01461 55747955
2022-01-14 1239119 1239119 0.01483 56442527
2022-01-15 1239112 1239112 0.01505 56442082
2022-01-16 1239224 1239224 0.01525 56449533
2022-01-17 1222194 1222194 0.01546 55333014
2022-01-18 1224671 1224671 0.01566 55493205
2022-01-19 1210439 1210439 0.01585 54584163
2022-01-20 1190778 1190778 0.01605 53343857
2022-01-21 1101675 1101675 0.01626 47790804
2022-01-22 1071781 1071781 0.01647 45951808
2022-01-23 1097713 1097713 0.01667 47526495
2022-01-24 1107127 1107127 0.01686 48091374
2022-01-25 1112666 1112666 0.01704 48419954
2022-01-26 1109395 1109395 0.01722 48227994
2022-01-27 1117942 1117942 0.01739 48724347
2022-01-28 1130241 1130241 0.01756 49431477
2022-01-29 1140455 1140455 0.01771 50013275
2022-01-30 1134636 1134636 0.01787 49684813
2022-01-31 1147507 1147507 0.01801 50405169
2022-02-01 1153195 1153195 0.01816 50720915
2022-02-02 1110173 1110173 0.01830 48351323
2022-02-03 1119678 1119678 0.01844 48870684
2022-02-04 1222521 1222521 0.01605 54448446
2022-02-05 1219330 1219330 0.01605 54249599
2022-02-06 1240185 1240185 0.01585 55549304
2022-02-07 1270259 1270259 0.01395 57446507
2022-02-08 1274322 1274322 0.01370 57737897
2022-02-09 1280339 1280339 0.01278 58176946
2022-02-10 1265239 1265239 0.01278 56995463
2022-02-11 1246521 1246521 0.01278 55530905
2022-02-12 1243758 1243758 0.01278 55314733
2022-02-13 1241024 1241024 0.01278 55100800
2022-02-14 1248765 1248765 0.01278 55706522
2022-02-15 1282943 1282943 0.01278 58380757
2022-02-16 1271546 1271546 0.01278 57488988
2022-02-17 1215558 1215558 0.01308 53108226
2022-02-18 1205979 1205979 0.01338 52376058
2022-02-19 1207942 1207942 0.01367 52522761
2022-02-20 1176881 1176881 0.01396 50250622
2022-02-21 1153160 1153160 0.01426 48551807
2022-02-22 1175439 1175439 0.01453 50114486
2022-02-23 1156489 1156489 0.01481 48810538
2022-02-24 1177871 1177871 0.01507 50254524
2022-02-25 1194734 1194734 0.01531 51373832
2022-02-26 1193030 1193030 0.01555 51262551
2022-02-27 1163829 1163829 0.01579 49384754
2022-02-28 1276865 1276865 0.01278 56542874
2022-03-01 1298036 1298036 0.01278 58199365
2022-03-02 1289547 1289547 0.01278 57535134
2022-03-03 1265104 1265104 0.01278 55622662
2022-03-04 1209864 1209864 0.01310 51300395
2022-03-05 1214003 1214003 0.01342 51616286
2022-03-06 1196822 1196822 0.01373 50335726
2022-03-07 1189228 1189228 0.01403 49782567
2022-03-08 1202775 1202775 0.01432 50747904
2022-03-09 1262912 1262912 0.01278 54946646
2022-03-10 1220811 1220811 0.01311 51652507
2022-03-11 1208546 1208546 0.01343 50716660
2022-03-12 1210168 1210168 0.01374 50837435
2022-03-13 1191610 1191610 0.01405 49486712
2022-03-14 1226109 1226109 0.01434 51942247
2022-03-15 1219294 1219294 0.01462 51466885
2022-03-16 1254513 1254513 0.01278 53876444
2022-03-17 1251509 1251509 0.01278 53641336
2022-03-18 1265419 1265419 0.01278 54729727
2022-03-19 1272798 1272798 0.01278 55307138
2022-03-20 1256177 1256177 0.01278 54006582
2022-03-21 1252846 1252846 0.01278 53745991
2022-03-22 1275444 1275444 0.01278 55514170
2022-03-23 1284348 1284348 0.01278 56210824
2022-03-24 1302767 1302767 0.01278 57652033
2022-03-25 1307698 1307698 0.01278 58037825
2022-03-26 1311297 1311297 0.01278 58319433
2022-03-27 1350271 1350271 0.01226 61368918
2022-03-28 1354895 1354895 0.01226 61746041
2022-03-29 1359820 1359820 0.01198 62147599
2022-03-30 1353685 1353685 0.01198 61635650
2022-03-31 1329352 1329352 0.01198 59604865
2022-04-01 1341756 1341756 0.01198 60640077
2022-04-02 1334106 1334106 0.01198 60001656
2022-04-03 1343227 1343227 0.01198 60762855
2022-04-04 1346313 1346313 0.01198 61020342
2022-04-05 1329124 1329124 0.01198 59585824
2022-04-06 1292860 1292860 0.01231 56559387
2022-04-07 1297098 1297098 0.01262 56903707
2022-04-08 1277850 1277850 0.01294 55378899
2022-04-09 1285944 1285944 0.01324 56004551
2022-04-10 1274954 1274954 0.01353 55174276
2022-04-11 1228717 1228717 0.01384 51757804
2022-04-12 1239094 1239094 0.01413 52507623
2022-04-13 1258531 1258531 0.01441 53882965
2022-04-14 1236148 1236148 0.01469 52329623
2022-04-15 1247719 1247719 0.01495 53117484
2022-04-16 1244439 1244439 0.01521 52898129
2022-04-17 1230412 1230412 0.01546 51975718
2022-04-18 1253155 1253155 0.01570 53446718
2022-04-19 1267366 1267366 0.01593 54351805
2022-04-20 1264656 1264656 0.01615 54181675
2022-04-21 1245513 1245513 0.01637 52996460
2022-04-22 1229546 1229546 0.01659 52021236
2022-04-23 1222933 1222933 0.01680 51622572
2022-04-24 1223941 1223941 0.01701 51682560
2022-04-25 1245629 1245629 0.01720 52957633
2022-04-26 1193734 1193734 0.01741 49941278
2022-04-27 1219224 1219224 0.01759 51405797
2022-04-28 1230702 1230702 0.01778 52058124
2022-04-29 1203681 1203681 0.01796 50538083
2022-04-30 1181257 1181257 0.01814 49289318
2022-05-01 1201411 1201411 0.01831 50400481
2022-05-02 1202194 1202194 0.01847 50443262
2022-05-03 1183056 1183056 0.01864 49407369
2022-05-04 1230779 1230779 0.01776 51967808
2022-05-05 1157504 1157504 0.01795 47841181
2022-05-06 1145406 1145406 0.01814 47167168
2022-05-07 1132205 1132205 0.01833 46439400
2022-05-08 1097695 1097695 0.01852 44556392
2022-05-09 1002077 1002077 0.01872 39392379
2022-05-10 1024584 1024584 0.01892 40594460
2022-05-11  975035  975035 0.01912 37975500
2022-05-12  972436  972436 0.01932 37839560
2022-05-13  981104  981104 0.01951 38288221
2022-05-14 1001417 1001417 0.01969 39329470
2022-05-15 1033928 1033928 0.01985 40980841
2022-05-16  995904  995904 0.02002 39065593
2022-05-17 1011449 1011449 0.02018 39842008
2022-05-18  965352  965352 0.02035 37558109
2022-05-19 1008229 1008229 0.02050 39665187
2022-05-20  978333  978333 0.02065 38206888
2022-05-21  984941  984941 0.02080 38526864
2022-05-22 1007921 1007921 0.02094 39631572
2022-05-23  975484  975484 0.02108 38082564
2022-05-24  990678  990678 0.02121 38803300
2022-05-25  987289  987289 0.02134 38643541
2022-05-26  978146  978146 0.02147 38215217
2022-05-27  961456  961456 0.02160 37437924
2022-05-28  973373  973373 0.02172 37989668
2022-05-29  985834  985834 0.02183 38563386
2022-05-30 1051088 1051088 0.01888 41552032
2022-05-31 1051868 1051868 0.01888 41593334
2022-06-01 1003036 1003036 0.01908 39006600
2022-06-02 1019273 1019273 0.01908 39857487
2022-06-03 1000087 1000087 0.01928 38852066
2022-06-04 1004736 1004736 0.01928 39093171
2022-06-05 1005632 1005632 0.01928 39139619
2022-06-06 1042554 1042554 0.01888 41054409
2022-06-07 1036735 1036735 0.01888 40746166
2022-06-08 1013739 1013739 0.01888 39528017
2022-06-09 1011352 1011352 0.01888 39401584
2022-06-10  986054  986054 0.01909 38061481
2022-06-11  969188  969188 0.01930 37177935
2022-06-12  923552  923552 0.01952 34813188
2022-06-13  817890  817890 0.01976 29398838
2022-06-14  808751  808751 0.02001 28936414
2022-06-15  820751  820751 0.02024 29536126
2022-06-16  763164  763164 0.02049 26691381
2022-06-17  764716  764716 0.02074 26767096
2022-06-18  724423  724423 0.02099 24823929
2022-06-19  768290  768290 0.02122 26913917
2022-06-20  768363  768363 0.02144 26917348
2022-06-21  772766  772766 0.02165 27122743
2022-06-22  751545  751545 0.02186 26142438
2022-06-23  783885  783885 0.02206 27621833
2022-06-24  787409  787409 0.02224 27781592
2022-06-25  795314  795314 0.02243 28136964
2022-06-26  781861  781861 0.02260 27537069
2022-06-27  772123  772123 0.02278 27106283
2022-06-28  759046  759046 0.02296 26532224
2022-06-29  753991  753991 0.02313 26312019
2022-06-30  748894  748894 0.02329 26091643
2022-07-01  727987  727987 0.02346 25194085
2022-07-02  727642  727642 0.02363 25179393
2022-07-03  729690  729690 0.02378 25266095
2022-07-04  758189  758189 0.02393 26464379
2022-07-05  756907  756907 0.02407 26410820
2022-07-06  768848  768848 0.02316 26906885
2022-07-07  802092  802092 0.02099 28342241
2022-07-08  800459  800459 0.02099 28264431
2022-07-09  800575  800575 0.02099 28269944
2022-07-10  780450  780450 0.02099 27311036
2022-07-11  755541  755541 0.02123 26124145
2022-07-12  738070  738070 0.02146 25301032
2022-07-13  763681  763681 0.02168 26494262
2022-07-14  773474  773474 0.02121 26945882
2022-07-15  780644  780644 0.02121 27283943
2022-07-16  790644  790644 0.02099 27755494
2022-07-17  779826  779826 0.02099 27240022
2022-07-18  824710  824710 0.02024 29378684
2022-07-19  850423  850423 0.01952 30648873
2022-07-20  845402  845402 0.01952 30391570
2022-07-21  844247  844247 0.01952 30332393
2022-07-22  831953  831953 0.01952 29702419
2022-07-23  826495  826495 0.01952 29422749
2022-07-24  829744  829744 0.01952 29589213
2022-07-25  796797  796797 0.01979 27900940
2022-07-26  795585  795585 0.02005 27839681
2022-07-27  840462  840462 0.01952 30077957
2022-07-28  863055  863055 0.01952 31235647
2022-07-29  861322  861322 0.01952 31146863
2022-07-30  857726  857726 0.01952 30962577
2022-07-31  849496  849496 0.01952 30540853
2022-08-01  848484  848484 0.01952 30488983
2022-08-02  841292  841292 0.01952 30120490
2022-08-03  837059  837059 0.01952 29903584
2022-08-04  831421  831421 0.01977 29614656
2022-08-05  849834  849834 0.01952 30545920
2022-08-06  840384  840384 0.01952 30061680
2022-08-07  846287  846287 0.01952 30364188
2022-08-08  862491  862491 0.01952 31194489
2022-08-09  845704  845704 0.01952 30334279
2022-08-10  866128  866128 0.01952 31380858
2022-08-11  866000  866000 0.01952 31374310
2022-08-12  877449  877449 0.01952 31960966
2022-08-13  878701  878701 0.01952 32025132
2022-08-14  875225  875225 0.01952 31847040
2022-08-15  869859  869859 0.01952 31572045
2022-08-16  863649  863649 0.01952 31253836
2022-08-17  850181  850181 0.01976 30563730
2022-08-18  846584  846584 0.02001 30381709
2022-08-19  784753  784753 0.02027 27291289
2022-08-20  792849  792849 0.02052 27690687
2022-08-21  802738  802738 0.02076 28172583
2022-08-22  799938  799938 0.02099 28037704
2022-08-23  802934  802934 0.02122 28180440
2022-08-24  798822  798822 0.02144 27986634
2022-08-25  804408  804408 0.02165 28247224
2022-08-26  766959  766959 0.02187 26517375
2022-08-27  761089  761089 0.02208 26248927
2022-08-28  746979  746979 0.02229 25609891
2022-08-29  768728  768728 0.02249 26585469
2022-08-30  754502  754502 0.02269 25952980
2022-08-31  761632  761632 0.02288 26267260
2022-09-01  763700  763700 0.02306 26357616
2022-09-02  758596  758596 0.02324 26136310
2022-09-03  754974  754974 0.02342 25980480
2022-09-04  760095  760095 0.02358 26199166
2022-09-05  753517  753517 0.02375 25920243
2022-09-06  722264  722264 0.02392 24604195
2022-09-07  737516  737516 0.02407 25241922
2022-09-08  738966  738966 0.02423 25302159
2022-09-09  803976  803976 0.02165 27985324
2022-09-10  812509  812509 0.02139 28379484
2022-09-11  817074  817074 0.02114 28592932
2022-09-12  832739  832739 0.02001 29334109
2022-09-13  774471  774471 0.02029 26421781
2022-09-14  775959  775959 0.02056 26495113
2022-09-15  761369  761369 0.02083 25785364
2022-09-16  764396  764396 0.02109 25930719
2022-09-17  773011  773011 0.02133 26339283
2022-09-18  753596  753596 0.02158 25429180
2022-09-19  756959  756959 0.02182 25585011
2022-09-20  738099  738099 0.02206 24720741
2022-09-21  726195  726195 0.02230 24181227
2022-09-22  753560  753560 0.02252 25408228
2022-09-23  750345  750345 0.02274 25265493
2022-09-24  739239  739239 0.02295 24777049
2022-09-25  735903  735903 0.02316 24631695
2022-09-26  748519  748519 0.02336 25176447
2022-09-27  743900  743900 0.02355 24978712
2022-09-28  754323  754323 0.02373 25421323
2022-09-29  759886  759886 0.02391 25655724
2022-09-30  754658  754658 0.02408 25437037
2022-10-01  751094  751094 0.02425 25289064
2022-10-02  742806  742806 0.02442 24947284
2022-10-03  761510  761510 0.02335 25713342
2022-10-04  783128  783128 0.02106 26639158
2022-10-05  778135  778135 0.02106 26402139
2022-10-06  772315  772315 0.02106 26125834
2022-10-07  760758  760758 0.02106 25577154
2022-10-08  757668  757668 0.02106 25430490
2022-10-09  758358  758358 0.02106 25463227
2022-10-10  749697  749697 0.02133 25052044
2022-10-11  747686  747686 0.02159 24957760
2022-10-12  750456  750456 0.02184 25086091
2022-10-13  756748  756748 0.02208 25374181
2022-10-14  751081  751081 0.02231 25117519
2022-10-15  747721  747721 0.02254 24966927
2022-10-16  753566  753566 0.02276 25226208
2022-10-17  762001  762001 0.02276 25596796
2022-10-18  755652  755652 0.02297 25317873
2022-10-19  749395  749395 0.02318 25045497
2022-10-20  746875  746875 0.02339 24936808
2022-10-21  750611  750611 0.02358 25096567
2022-10-22  751877  751877 0.02377 25150257
2022-10-23  763332  763332 0.02377 25632153
2022-10-24  755799  755799 0.02395 25315254
2022-10-25  779481  779481 0.02106 26303926
2022-10-26  798458  798458 0.02056 27204862
2022-10-27  785564  785564 0.02056 26577612
2022-10-28  793721  793721 0.02056 26974390
2022-10-29  799697  799697 0.02028 27265099
2022-10-30  794572  794572 0.02028 27012366
2022-10-31  791120  791120 0.02028 26842131
2022-11-01  790642  790642 0.02028 26818560
2022-11-02  781986  781986 0.02028 26391663
2022-11-03  783446  783446 0.02028 26463685
2022-11-04  808512  808512 0.02001 27699853
2022-11-05  812390  812390 0.02001 27893659
2022-11-06  802067  802067 0.02001 27377716
2022-11-07  793762  793762 0.02001 26962605
2022-11-08  740315  740315 0.02032 24291225
2022-11-09  669184  669184 0.02068 20790931
2022-11-10  714511  714511 0.02099 22983034
2022-11-11  699559  699559 0.02130 22270666
2022-11-12  693450  693450 0.02161 21983886
2022-11-13  679923  679923 0.02192 21357945
2022-11-14  687931  687931 0.02221 21723295
2022-11-15  696219  696219 0.02249 22096503
2022-11-16  689741  689741 0.02276 21808413
2022-11-17  690694  690694 0.02303 21850317
2022-11-18  690604  690604 0.02328 21846388
2022-11-19  690817  690817 0.02353 21855555
2022-11-20  677442  677442 0.02378 21287232
2022-11-21  662181  662181 0.02403 20645577
2022-11-22  675745  675745 0.02427 21209971
2022-11-23  688647  688647 0.02449 21741628
2022-11-24  688262  688262 0.02470 21725914
2022-11-25  685577  685577 0.02492 21617226
2022-11-26  683815  683815 0.02512 21546513
2022-11-27  682828  682828 0.02532 21507228
2022-11-28  675733  675733 0.02551 21226995
2022-11-29  683217  683217 0.02570 21520323
2022-11-30  707987  707987 0.02231 22484115
2022-12-01  702350  702350 0.02231 22231381
2022-12-02  705797  705797 0.02231 22385902
2022-12-03  699692  699692 0.02231 22112217
2022-12-04  706352  706352 0.02231 22410783
2022-12-05  702087  702087 0.02231 22219596
2022-12-06  705563  705563 0.02231 22375426
2022-12-07  698232  698232 0.02231 22046742
2022-12-08  709711  709711 0.02153 22561375
2022-12-09  706863  706863 0.02153 22429116
2022-12-10  706863  706863 0.02153 22429116
2022-12-11  705819  705819 0.02153 22380664
2022-12-12  709147  709147 0.02153 22535185
2022-12-13  725022  725022 0.02063 23272434
2022-12-14  725859  725859 0.02063 23313028
2022-12-15  713943  713943 0.02063 22735539
2022-12-16  702703  702703 0.02096 22190787
